3.515625000000000000e-01,2.500000000000000000e-01,1.069999999999999944e-02,1.267500000000000050e-02
5.625000000000000000e-01,4.531250000000000000e-01,2.674999999999999861e-03,3.650000000000000033e-03
5.781250000000000000e-01,5.390625000000000000e-01,3.225000000000000002e-03,2.125000000000000153e-03
5.937500000000000000e-01,5.546875000000000000e-01,2.425000000000000072e-03,2.449999999999999921e-03
6.015625000000000000e-01,5.859375000000000000e-01,2.925000000000000083e-03,5.700000000000000205e-03
4.453125000000000000e-01,3.984375000000000000e-01,3.499999999999999964e-04,1.140000000000000041e-02
5.625000000000000000e-01,5.937500000000000000e-01,5.499999999999999681e-03,5.275000000000000175e-03
4.375000000000000000e-01,3.906250000000000000e-01,5.749999999999999903e-03,1.047499999999999994e-02
5.546875000000000000e-01,5.468750000000000000e-01,5.000000000000000240e-05,5.049999999999999802e-03
5.859375000000000000e-01,5.781250000000000000e-01,5.074999999999999650e-03,5.125000000000000215e-03
5.937500000000000000e-01,5.234375000000000000e-01,5.125000000000000215e-03,5.100000000000000366e-03
4.296875000000000000e-01,2.656250000000000000e-01,3.750000000000000078e-04,1.034999999999999983e-02
5.468750000000000000e-01,5.625000000000000000e-01,5.199999999999999761e-03,4.950000000000000407e-03
5.390625000000000000e-01,5.468750000000000000e-01,5.250000000000000326e-03,5.074999999999999650e-03
4.218750000000000000e-01,3.750000000000000000e-01,2.249999999999999938e-04,9.650000000000000591e-03
5.703125000000000000e-01,5.859375000000000000e-01,4.924999999999999691e-03,5.400000000000000286e-03
4.140625000000000000e-01,3.359375000000000000e-01,5.425000000000000135e-03,1.069999999999999944e-02
5.781250000000000000e-01,5.156250000000000000e-01,2.500000000000000120e-05,5.349999999999999721e-03
5.312500000000000000e-01,5.546875000000000000e-01,5.624999999999999792e-03,1.110000000000000049e-02
4.062500000000000000e-01,4.062500000000000000e-01,4.950000000000000407e-03,1.082499999999999955e-02
5.390625000000000000e-01,5.390625000000000000e-01,5.324999999999999872e-03,1.009999999999999960e-02
3.906250000000000000e-01,4.062500000000000000e-01,5.349999999999999721e-03,1.277499999999999990e-02
5.546875000000000000e-01,4.843750000000000000e-01,5.199999999999999761e-03,4.950000000000000407e-03
5.000000000000000000e-01,4.609375000000000000e-01,5.049999999999999802e-03,7.074999999999999692e-03
3.750000000000000000e-01,4.921875000000000000e-01,2.724999999999999992e-03,3.000000000000000062e-03
3.906250000000000000e-01,5.781250000000000000e-01,2.625000000000000163e-03,2.650000000000000012e-03
4.062500000000000000e-01,5.625000000000000000e-01,2.575000000000000032e-03,2.775000000000000123e-03
5.390625000000000000e-01,5.390625000000000000e-01,2.550000000000000183e-03,1.184999999999999942e-02
4.140625000000000000e-01,5.703125000000000000e-01,5.000000000000000104e-04,6.450000000000000004e-03
3.750000000000000000e-01,5.468750000000000000e-01,5.425000000000000135e-03,4.924999999999999691e-03
3.671875000000000000e-01,5.156250000000000000e-01,4.899999999999999842e-03,5.599999999999999943e-03
5.312500000000000000e-01,5.000000000000000000e-01,4.000000000000000192e-04,1.080000000000000057e-02
3.984375000000000000e-01,6.250000000000000000e-01,5.250000000000000326e-03,4.924999999999999691e-03
4.062500000000000000e-01,5.468750000000000000e-01,5.150000000000000064e-03,5.125000000000000215e-03
5.234375000000000000e-01,5.156250000000000000e-01,2.750000000000000166e-04,9.700000000000000289e-03
3.593750000000000000e-01,5.390625000000000000e-01,4.675000000000000336e-03,5.675000000000000357e-03
3.515625000000000000e-01,4.765625000000000000e-01,5.300000000000000024e-03,5.825000000000000316e-03
5.156250000000000000e-01,4.609375000000000000e-01,2.500000000000000052e-04,9.450000000000000067e-03
3.828125000000000000e-01,5.234375000000000000e-01,5.525000000000000397e-03,4.799999999999999580e-03
3.906250000000000000e-01,5.078125000000000000e-01,5.100000000000000366e-03,5.224999999999999610e-03
5.078125000000000000e-01,4.531250000000000000e-01,1.250000000000000026e-04,1.064999999999999974e-02
3.437500000000000000e-01,5.234375000000000000e-01,5.049999999999999802e-03,1.137499999999999969e-02
5.000000000000000000e-01,4.843750000000000000e-01,5.400000000000000286e-03,1.047499999999999994e-02
3.515625000000000000e-01,4.609375000000000000e-01,5.599999999999999943e-03,1.027499999999999941e-02
4.843750000000000000e-01,4.687500000000000000e-01,5.324999999999999872e-03,1.619999999999999912e-02
3.671875000000000000e-01,5.156250000000000000e-01,4.774999999999999731e-03,5.825000000000000316e-03
3.125000000000000000e-01,4.296875000000000000e-01,5.899999999999999863e-03,1.190000000000000085e-02
4.687500000000000000e-01,4.843750000000000000e-01,5.875000000000000014e-03,1.624999999999999925e-03
4.609375000000000000e-01,5.156250000000000000e-01,2.249999999999999830e-03,2.799999999999999972e-03
3.515625000000000000e-01,4.375000000000000000e-01,2.650000000000000012e-03,1.119999999999999989e-02
4.687500000000000000e-01,5.312500000000000000e-01,5.000000000000000240e-05,2.799999999999999972e-03
5.390625000000000000e-01,5.781250000000000000e-01,5.425000000000000135e-03,1.042500000000000024e-02
3.671875000000000000e-01,4.609375000000000000e-01,5.250000000000000326e-03,1.089999999999999997e-02
5.312500000000000000e-01,5.625000000000000000e-01,5.199999999999999761e-03,2.625000000000000163e-03
5.937500000000000000e-01,5.546875000000000000e-01,5.199999999999999761e-03,5.150000000000000064e-03
3.828125000000000000e-01,3.828125000000000000e-01,4.000000000000000192e-04,1.037500000000000054e-02
5.234375000000000000e-01,5.234375000000000000e-01,5.300000000000000024e-03,8.899999999999999925e-03
3.906250000000000000e-01,4.453125000000000000e-01,5.049999999999999802e-03,1.074999999999999914e-02
5.078125000000000000e-01,5.625000000000000000e-01,5.199999999999999761e-03,1.649999999999999991e-03
5.000000000000000000e-01,5.625000000000000000e-01,2.299999999999999961e-03,2.125000000000000153e-03
4.921875000000000000e-01,5.546875000000000000e-01,2.500000000000000052e-03,2.500000000000000052e-03
3.671875000000000000e-01,4.609375000000000000e-01,4.499999999999999877e-04,1.052499999999999963e-02
5.546875000000000000e-01,6.406250000000000000e-01,5.275000000000000175e-03,1.077499999999999986e-02
3.828125000000000000e-01,4.687500000000000000e-01,5.324999999999999872e-03,1.192499999999999984e-02
5.468750000000000000e-01,5.859375000000000000e-01,5.374999999999999570e-03,2.500000000000000052e-03
6.093750000000000000e-01,6.171875000000000000e-01,5.224999999999999610e-03,5.525000000000000397e-03
3.984375000000000000e-01,4.609375000000000000e-01,4.749999999999999990e-04,1.140000000000000041e-02
5.390625000000000000e-01,5.859375000000000000e-01,5.250000000000000326e-03,8.399999999999999481e-03
4.062500000000000000e-01,4.687500000000000000e-01,5.074999999999999650e-03,1.347500000000000087e-02
5.234375000000000000e-01,5.859375000000000000e-01,2.899999999999999800e-03,3.275000000000000133e-03
5.390625000000000000e-01,6.484375000000000000e-01,2.674999999999999861e-03,2.075000000000000022e-03
5.546875000000000000e-01,6.250000000000000000e-01,2.150000000000000001e-03,3.200000000000000153e-03
5.625000000000000000e-01,5.781250000000000000e-01,3.474999999999999790e-03,6.324999999999999893e-03
5.000000000000000000e-01,3.828125000000000000e-01,2.249999999999999938e-04,1.145000000000000011e-02
5.234375000000000000e-01,5.859375000000000000e-01,6.125000000000000236e-03,5.349999999999999721e-03
4.921875000000000000e-01,3.984375000000000000e-01,5.150000000000000064e-03,1.072500000000000016e-02
5.156250000000000000e-01,5.937500000000000000e-01,1.250000000000000026e-04,5.174999999999999913e-03
5.468750000000000000e-01,6.015625000000000000e-01,5.074999999999999650e-03,5.275000000000000175e-03
4.843750000000000000e-01,3.828125000000000000e-01,5.349999999999999721e-03,1.025000000000000043e-02
5.546875000000000000e-01,5.781250000000000000e-01,2.249999999999999938e-04,5.049999999999999802e-03
5.078125000000000000e-01,5.468750000000000000e-01,5.049999999999999802e-03,5.125000000000000215e-03
4.765625000000000000e-01,3.671875000000000000e-01,5.525000000000000397e-03,9.350000000000000672e-03
5.000000000000000000e-01,5.390625000000000000e-01,7.499999999999999343e-05,4.375000000000000416e-03
5.312500000000000000e-01,5.781250000000000000e-01,4.874999999999999993e-03,4.924999999999999691e-03
4.687500000000000000e-01,4.062500000000000000e-01,5.199999999999999761e-03,1.039999999999999952e-02
5.390625000000000000e-01,5.312500000000000000e-01,5.000000000000000240e-05,4.449999999999999963e-03
4.921875000000000000e-01,5.000000000000000000e-01,5.349999999999999721e-03,1.204999999999999995e-02
4.609375000000000000e-01,4.296875000000000000e-01,5.250000000000000326e-03,1.027499999999999941e-02
5.000000000000000000e-01,5.234375000000000000e-01,5.400000000000000286e-03,9.775000000000000702e-03
4.453125000000000000e-01,4.531250000000000000e-01,4.899999999999999842e-03,1.267500000000000050e-02
5.156250000000000000e-01,4.765625000000000000e-01,5.150000000000000064e-03,4.550000000000000225e-03
4.609375000000000000e-01,4.843750000000000000e-01,4.850000000000000144e-03,3.324999999999999831e-03
4.296875000000000000e-01,5.546875000000000000e-01,2.874999999999999951e-03,3.024999999999999911e-03
4.453125000000000000e-01,6.093750000000000000e-01,2.449999999999999921e-03,2.324999999999999810e-03
4.609375000000000000e-01,6.171875000000000000e-01,2.399999999999999790e-03,2.575000000000000032e-03
5.937500000000000000e-01,5.625000000000000000e-01,2.575000000000000032e-03,1.172499999999999931e-02
4.687500000000000000e-01,5.625000000000000000e-01,4.499999999999999877e-04,5.675000000000000357e-03
4.296875000000000000e-01,5.703125000000000000e-01,5.224999999999999610e-03,5.300000000000000024e-03
5.859375000000000000e-01,5.390625000000000000e-01,5.400000000000000286e-03,1.094999999999999966e-02
4.218750000000000000e-01,5.390625000000000000e-01,2.500000000000000120e-05,5.324999999999999872e-03
4.531250000000000000e-01,6.093750000000000000e-01,5.400000000000000286e-03,4.850000000000000144e-03
4.609375000000000000e-01,5.468750000000000000e-01,5.224999999999999610e-03,5.624999999999999792e-03
5.781250000000000000e-01,5.234375000000000000e-01,1.499999999999999869e-04,1.057499999999999933e-02
4.140625000000000000e-01,5.703125000000000000e-01,5.074999999999999650e-03,5.950000000000000427e-03
4.062500000000000000e-01,5.000000000000000000e-01,5.575000000000000094e-03,5.525000000000000397e-03
5.703125000000000000e-01,5.156250000000000000e-01,3.750000000000000078e-04,8.274999999999999370e-03
4.375000000000000000e-01,5.703125000000000000e-01,5.174999999999999913e-03,4.899999999999999842e-03
5.625000000000000000e-01,4.765625000000000000e-01,4.874999999999999993e-03,1.132500000000000000e-02
4.453125000000000000e-01,5.234375000000000000e-01,2.500000000000000052e-04,5.449999999999999983e-03
3.984375000000000000e-01,5.546875000000000000e-01,5.199999999999999761e-03,1.124999999999999958e-02
5.546875000000000000e-01,5.468750000000000000e-01,5.599999999999999943e-03,1.072500000000000016e-02
4.062500000000000000e-01,5.234375000000000000e-01,5.174999999999999913e-03,1.074999999999999914e-02
5.390625000000000000e-01,5.546875000000000000e-01,5.074999999999999650e-03,1.602500000000000105e-02
4.218750000000000000e-01,5.234375000000000000e-01,5.850000000000000165e-03,5.649999999999999641e-03
3.671875000000000000e-01,4.453125000000000000e-01,5.649999999999999641e-03,1.135000000000000071e-02
5.234375000000000000e-01,5.000000000000000000e-01,5.349999999999999721e-03,2.200000000000000133e-03
5.156250000000000000e-01,5.312500000000000000e-01,2.249999999999999830e-03,1.850000000000000082e-03
5.234375000000000000e-01,5.781250000000000000e-01,2.575000000000000032e-03,2.350000000000000092e-03
4.062500000000000000e-01,4.843750000000000000e-01,5.000000000000000240e-05,1.124999999999999958e-02
5.937500000000000000e-01,6.484375000000000000e-01,5.250000000000000326e-03,1.072500000000000016e-02
4.218750000000000000e-01,5.000000000000000000e-01,5.924999999999999711e-03,1.087499999999999925e-02
5.859375000000000000e-01,5.625000000000000000e-01,4.675000000000000336e-03,1.799999999999999951e-03
4.375000000000000000e-01,3.593750000000000000e-01,5.425000000000000135e-03,9.900000000000000813e-03
6.484375000000000000e-01,5.703125000000000000e-01,0.000000000000000000e+00,5.049999999999999802e-03
5.781250000000000000e-01,5.156250000000000000e-01,5.374999999999999570e-03,8.850000000000000228e-03
4.453125000000000000e-01,5.703125000000000000e-01,4.950000000000000407e-03,4.975000000000000255e-03
5.625000000000000000e-01,5.390625000000000000e-01,5.125000000000000215e-03,2.524999999999999901e-03
3.515625000000000000e-01,5.156250000000000000e-01,7.499999999999999343e-05,5.624999999999999792e-03
5.546875000000000000e-01,5.781250000000000000e-01,2.475000000000000203e-03,2.374999999999999941e-03
5.625000000000000000e-01,6.093750000000000000e-01,2.899999999999999800e-03,4.575000000000000074e-03
4.453125000000000000e-01,5.234375000000000000e-01,1.250000000000000026e-04,1.472500000000000024e-02
5.390625000000000000e-01,5.703125000000000000e-01,5.074999999999999650e-03,4.749999999999999882e-03
5.546875000000000000e-01,5.781250000000000000e-01,5.199999999999999761e-03,1.085000000000000027e-02
4.375000000000000000e-01,4.843750000000000000e-01,4.950000000000000407e-03,5.425000000000000135e-03
5.703125000000000000e-01,5.156250000000000000e-01,5.700000000000000205e-03,1.055000000000000035e-02
5.000000000000000000e-01,4.218750000000000000e-01,2.500000000000000052e-04,4.599999999999999922e-03
4.296875000000000000e-01,4.843750000000000000e-01,5.049999999999999802e-03,9.475000000000000783e-03
5.781250000000000000e-01,6.171875000000000000e-01,4.899999999999999842e-03,4.975000000000000255e-03
4.218750000000000000e-01,4.296875000000000000e-01,5.675000000000000357e-03,2.024999999999999890e-03
4.843750000000000000e-01,6.171875000000000000e-01,5.000000000000000240e-05,4.349999999999999700e-03
4.062500000000000000e-01,4.531250000000000000e-01,2.249999999999999830e-03,2.399999999999999790e-03
5.781250000000000000e-01,6.484375000000000000e-01,2.700000000000000143e-03,1.584999999999999951e-02
4.218750000000000000e-01,4.140625000000000000e-01,3.249999999999999851e-04,5.000000000000000104e-03
3.906250000000000000e-01,4.609375000000000000e-01,5.125000000000000215e-03,5.174999999999999913e-03
4.062500000000000000e-01,5.078125000000000000e-01,5.199999999999999761e-03,1.002499999999999919e-02
5.703125000000000000e-01,5.781250000000000000e-01,5.400000000000000286e-03,4.850000000000000144e-03
4.218750000000000000e-01,4.375000000000000000e-01,4.975000000000000255e-03,1.034999999999999983e-02
6.328125000000000000e-01,5.312500000000000000e-01,4.499999999999999877e-04,4.024999999999999932e-03
5.625000000000000000e-01,5.234375000000000000e-01,5.174999999999999913e-03,1.039999999999999952e-02
4.296875000000000000e-01,5.546875000000000000e-01,5.300000000000000024e-03,5.550000000000000246e-03
3.359375000000000000e-01,5.234375000000000000e-01,5.174999999999999913e-03,5.000000000000000104e-03
5.546875000000000000e-01,5.468750000000000000e-01,2.500000000000000120e-05,2.524999999999999901e-03
5.390625000000000000e-01,6.015625000000000000e-01,2.524999999999999901e-03,2.224999999999999981e-03
4.296875000000000000e-01,5.156250000000000000e-01,2.824999999999999820e-03,1.545000000000000019e-02
5.546875000000000000e-01,5.703125000000000000e-01,2.500000000000000120e-05,4.675000000000000336e-03
5.234375000000000000e-01,5.546875000000000000e-01,5.324999999999999872e-03,6.049999999999999822e-03
5.390625000000000000e-01,5.390625000000000000e-01,5.575000000000000094e-03,1.132500000000000000e-02
4.218750000000000000e-01,5.078125000000000000e-01,5.224999999999999610e-03,5.400000000000000286e-03
5.546875000000000000e-01,5.312500000000000000e-01,5.550000000000000246e-03,1.027499999999999941e-02
4.843750000000000000e-01,4.687500000000000000e-01,3.249999999999999851e-04,4.874999999999999993e-03
4.140625000000000000e-01,4.609375000000000000e-01,4.899999999999999842e-03,8.874999999999999209e-03
5.625000000000000000e-01,4.765625000000000000e-01,6.150000000000000085e-03,5.624999999999999792e-03
4.062500000000000000e-01,5.546875000000000000e-01,2.799999999999999972e-03,3.125000000000000173e-03
4.140625000000000000e-01,6.093750000000000000e-01,2.724999999999999992e-03,2.299999999999999961e-03
4.296875000000000000e-01,6.171875000000000000e-01,2.350000000000000092e-03,2.824999999999999820e-03
6.562500000000000000e-01,5.625000000000000000e-01,2.949999999999999931e-03,1.115000000000000019e-02
4.453125000000000000e-01,5.781250000000000000e-01,2.000000000000000096e-04,5.975000000000000276e-03
4.062500000000000000e-01,5.703125000000000000e-01,5.349999999999999721e-03,5.474999999999999832e-03
6.484375000000000000e-01,5.312500000000000000e-01,5.324999999999999872e-03,1.082499999999999955e-02
3.984375000000000000e-01,5.703125000000000000e-01,2.500000000000000120e-05,5.624999999999999792e-03
4.218750000000000000e-01,6.406250000000000000e-01,5.550000000000000246e-03,5.100000000000000366e-03
4.296875000000000000e-01,5.703125000000000000e-01,5.150000000000000064e-03,5.924999999999999711e-03
6.406250000000000000e-01,5.234375000000000000e-01,1.749999999999999982e-04,1.087499999999999925e-02
3.906250000000000000e-01,5.546875000000000000e-01,5.199999999999999761e-03,5.599999999999999943e-03
3.828125000000000000e-01,5.156250000000000000e-01,5.550000000000000246e-03,5.725000000000000054e-03
6.328125000000000000e-01,4.687500000000000000e-01,1.000000000000000048e-04,1.099999999999999936e-02
4.062500000000000000e-01,5.703125000000000000e-01,5.575000000000000094e-03,5.049999999999999802e-03
6.250000000000000000e-01,5.312500000000000000e-01,5.275000000000000175e-03,1.140000000000000041e-02
4.140625000000000000e-01,5.078125000000000000e-01,1.499999999999999869e-04,5.425000000000000135e-03
3.750000000000000000e-01,5.234375000000000000e-01,5.024999999999999953e-03,9.724999999999999270e-03
6.171875000000000000e-01,5.234375000000000000e-01,5.374999999999999570e-03,1.069999999999999944e-02
3.671875000000000000e-01,5.078125000000000000e-01,4.899999999999999842e-03,1.087499999999999925e-02
6.015625000000000000e-01,5.390625000000000000e-01,6.174999999999999933e-03,1.244999999999999926e-02
3.750000000000000000e-01,4.453125000000000000e-01,4.499999999999999660e-03,1.925000000000000062e-03
3.906250000000000000e-01,4.921875000000000000e-01,2.550000000000000183e-03,2.925000000000000083e-03
3.359375000000000000e-01,4.765625000000000000e-01,3.125000000000000173e-03,1.129999999999999928e-02
5.546875000000000000e-01,5.546875000000000000e-01,2.975000000000000214e-03,3.125000000000000173e-03
5.625000000000000000e-01,6.171875000000000000e-01,2.899999999999999800e-03,2.674999999999999861e-03
5.781250000000000000e-01,6.171875000000000000e-01,2.449999999999999921e-03,2.500000000000000052e-03
5.937500000000000000e-01,6.015625000000000000e-01,2.799999999999999972e-03,5.700000000000000205e-03
4.296875000000000000e-01,4.609375000000000000e-01,1.250000000000000026e-04,1.105000000000000079e-02
5.546875000000000000e-01,6.093750000000000000e-01,5.550000000000000246e-03,5.649999999999999641e-03
4.218750000000000000e-01,4.140625000000000000e-01,5.599999999999999943e-03,1.092500000000000068e-02
5.468750000000000000e-01,5.859375000000000000e-01,5.000000000000000240e-05,5.374999999999999570e-03
5.703125000000000000e-01,5.859375000000000000e-01,5.550000000000000246e-03,5.250000000000000326e-03
4.140625000000000000e-01,3.593750000000000000e-01,5.250000000000000326e-03,1.129999999999999928e-02
5.781250000000000000e-01,5.390625000000000000e-01,1.499999999999999869e-04,5.400000000000000286e-03
5.390625000000000000e-01,5.625000000000000000e-01,5.349999999999999721e-03,5.649999999999999641e-03
4.062500000000000000e-01,3.515625000000000000e-01,5.575000000000000094e-03,9.599999999999999159e-03
5.312500000000000000e-01,5.390625000000000000e-01,4.749999999999999990e-04,4.599999999999999922e-03
5.546875000000000000e-01,5.703125000000000000e-01,5.024999999999999953e-03,4.975000000000000255e-03
5.625000000000000000e-01,5.625000000000000000e-01,5.300000000000000024e-03,5.174999999999999913e-03
3.984375000000000000e-01,4.140625000000000000e-01,3.499999999999999964e-04,1.052499999999999963e-02
5.234375000000000000e-01,4.531250000000000000e-01,5.049999999999999802e-03,1.032500000000000084e-02
5.078125000000000000e-01,2.187500000000000000e-01,9.250000000000000409e-04,2.500000000000000120e-05
3.906250000000000000e-01,4.140625000000000000e-01,4.550000000000000225e-03,1.074999999999999914e-02
5.156250000000000000e-01,5.078125000000000000e-01,5.125000000000000215e-03,1.132500000000000000e-02
3.750000000000000000e-01,4.296875000000000000e-01,5.499999999999999681e-03,1.602500000000000105e-02
5.234375000000000000e-01,4.765625000000000000e-01,5.150000000000000064e-03,2.374999999999999941e-03
5.390625000000000000e-01,5.234375000000000000e-01,2.724999999999999992e-03,1.799999999999999951e-03
4.843750000000000000e-01,5.156250000000000000e-01,2.824999999999999820e-03,1.057499999999999933e-02
3.671875000000000000e-01,4.531250000000000000e-01,5.525000000000000397e-03,2.075000000000000022e-03
3.515625000000000000e-01,4.609375000000000000e-01,2.399999999999999790e-03,2.575000000000000032e-03
3.671875000000000000e-01,4.609375000000000000e-01,2.625000000000000163e-03,4.599999999999999922e-03
5.234375000000000000e-01,5.390625000000000000e-01,2.500000000000000052e-04,1.042500000000000024e-02
4.296875000000000000e-01,5.312500000000000000e-01,5.499999999999999681e-03,9.475000000000000783e-03
5.390625000000000000e-01,6.093750000000000000e-01,4.874999999999999993e-03,1.127500000000000030e-02
4.218750000000000000e-01,5.390625000000000000e-01,5.024999999999999953e-03,5.474999999999999832e-03
5.546875000000000000e-01,5.703125000000000000e-01,5.425000000000000135e-03,1.159999999999999920e-02
4.843750000000000000e-01,4.375000000000000000e-01,2.750000000000000166e-04,4.899999999999999842e-03
4.140625000000000000e-01,4.531250000000000000e-01,5.599999999999999943e-03,1.002499999999999919e-02
5.625000000000000000e-01,5.078125000000000000e-01,5.425000000000000135e-03,1.030000000000000013e-02
4.062500000000000000e-01,4.531250000000000000e-01,5.174999999999999913e-03,2.350000000000000092e-03
3.906250000000000000e-01,5.234375000000000000e-01,2.449999999999999921e-03,2.524999999999999901e-03
3.828125000000000000e-01,5.078125000000000000e-01,2.599999999999999881e-03,4.749999999999999882e-03
5.390625000000000000e-01,5.312500000000000000e-01,2.750000000000000166e-04,1.127500000000000030e-02
4.453125000000000000e-01,5.625000000000000000e-01,5.599999999999999943e-03,9.424999999999999351e-03
5.546875000000000000e-01,5.937500000000000000e-01,4.675000000000000336e-03,1.119999999999999989e-02
4.375000000000000000e-01,5.234375000000000000e-01,5.150000000000000064e-03,6.049999999999999822e-03
5.703125000000000000e-01,5.312500000000000000e-01,5.550000000000000246e-03,1.092500000000000068e-02
5.000000000000000000e-01,5.156250000000000000e-01,2.999999999999999737e-04,5.349999999999999721e-03
4.296875000000000000e-01,5.546875000000000000e-01,5.049999999999999802e-03,8.024999999999999148e-03
5.781250000000000000e-01,5.000000000000000000e-01,4.975000000000000255e-03,9.475000000000000783e-03
4.218750000000000000e-01,5.625000000000000000e-01,3.150000000000000022e-03,3.125000000000000173e-03
4.296875000000000000e-01,6.171875000000000000e-01,2.575000000000000032e-03,2.425000000000000072e-03
4.453125000000000000e-01,6.328125000000000000e-01,2.524999999999999901e-03,2.975000000000000214e-03
4.843750000000000000e-01,5.078125000000000000e-01,2.775000000000000123e-03,1.197499999999999953e-02
4.531250000000000000e-01,6.093750000000000000e-01,2.999999999999999737e-04,5.649999999999999641e-03
4.140625000000000000e-01,6.015625000000000000e-01,5.649999999999999641e-03,5.250000000000000326e-03
4.062500000000000000e-01,5.390625000000000000e-01,4.874999999999999993e-03,5.899999999999999863e-03
4.765625000000000000e-01,5.000000000000000000e-01,3.750000000000000078e-04,1.162499999999999992e-02
4.375000000000000000e-01,5.937500000000000000e-01,5.649999999999999641e-03,4.874999999999999993e-03
4.453125000000000000e-01,5.390625000000000000e-01,5.199999999999999761e-03,5.349999999999999721e-03
4.687500000000000000e-01,4.843750000000000000e-01,1.000000000000000048e-04,9.825000000000000400e-03
3.984375000000000000e-01,5.703125000000000000e-01,5.100000000000000366e-03,5.624999999999999792e-03
4.609375000000000000e-01,4.921875000000000000e-01,5.174999999999999913e-03,1.055000000000000035e-02
3.906250000000000000e-01,4.843750000000000000e-01,2.500000000000000052e-04,5.174999999999999913e-03
4.218750000000000000e-01,5.546875000000000000e-01,5.449999999999999983e-03,4.700000000000000185e-03
4.531250000000000000e-01,4.843750000000000000e-01,4.975000000000000255e-03,1.175000000000000003e-02
4.296875000000000000e-01,4.921875000000000000e-01,7.499999999999999343e-05,5.324999999999999872e-03
3.828125000000000000e-01,4.609375000000000000e-01,5.499999999999999681e-03,1.165000000000000063e-02
4.453125000000000000e-01,4.687500000000000000e-01,5.425000000000000135e-03,1.055000000000000035e-02
3.906250000000000000e-01,3.906250000000000000e-01,5.525000000000000397e-03,1.047499999999999994e-02
4.296875000000000000e-01,3.984375000000000000e-01,5.324999999999999872e-03,1.625000000000000056e-02
4.062500000000000000e-01,3.828125000000000000e-01,5.275000000000000175e-03,5.474999999999999832e-03
3.515625000000000000e-01,3.281250000000000000e-01,5.875000000000000014e-03,1.087499999999999925e-02
4.140625000000000000e-01,4.062500000000000000e-01,5.700000000000000205e-03,1.549999999999999946e-03
4.062500000000000000e-01,4.296875000000000000e-01,2.249999999999999830e-03,2.425000000000000072e-03
3.906250000000000000e-01,3.906250000000000000e-01,2.674999999999999861e-03,1.117499999999999917e-02
4.140625000000000000e-01,4.296875000000000000e-01,2.999999999999999737e-04,3.000000000000000062e-03
4.843750000000000000e-01,5.234375000000000000e-01,5.899999999999999863e-03,1.034999999999999983e-02
4.062500000000000000e-01,4.062500000000000000e-01,4.899999999999999842e-03,1.055000000000000035e-02
4.765625000000000000e-01,5.156250000000000000e-01,5.499999999999999681e-03,2.399999999999999790e-03
5.390625000000000000e-01,5.468750000000000000e-01,5.349999999999999721e-03,5.000000000000000104e-03
4.218750000000000000e-01,3.671875000000000000e-01,5.000000000000000240e-05,1.030000000000000013e-02
4.687500000000000000e-01,5.156250000000000000e-01,5.550000000000000246e-03,8.800000000000000530e-03
4.296875000000000000e-01,4.296875000000000000e-01,5.349999999999999721e-03,1.072500000000000016e-02
4.609375000000000000e-01,5.234375000000000000e-01,5.000000000000000104e-03,2.174999999999999850e-03
4.453125000000000000e-01,5.390625000000000000e-01,2.374999999999999941e-03,2.449999999999999921e-03
4.375000000000000000e-01,5.312500000000000000e-01,2.925000000000000083e-03,2.674999999999999861e-03
4.062500000000000000e-01,3.984375000000000000e-01,7.499999999999999343e-05,1.102500000000000008e-02
5.000000000000000000e-01,6.015625000000000000e-01,5.599999999999999943e-03,1.055000000000000035e-02
4.218750000000000000e-01,4.765625000000000000e-01,5.324999999999999872e-03,1.062500000000000076e-02
4.921875000000000000e-01,5.390625000000000000e-01,5.275000000000000175e-03,2.449999999999999921e-03
4.375000000000000000e-01,3.906250000000000000e-01,5.000000000000000104e-03,9.950000000000000511e-03
5.546875000000000000e-01,5.703125000000000000e-01,5.000000000000000104e-04,4.550000000000000225e-03
4.843750000000000000e-01,5.390625000000000000e-01,5.224999999999999610e-03,8.000000000000000167e-03
4.453125000000000000e-01,5.000000000000000000e-01,4.825000000000000296e-03,4.874999999999999993e-03
4.687500000000000000e-01,5.625000000000000000e-01,2.625000000000000163e-03,3.550000000000000204e-03
3.515625000000000000e-01,4.062500000000000000e-01,2.024999999999999890e-03,5.749999999999999903e-03
4.843750000000000000e-01,6.015625000000000000e-01,7.249999999999999500e-04,2.174999999999999850e-03
5.000000000000000000e-01,6.328125000000000000e-01,2.449999999999999921e-03,3.000000000000000062e-03
4.453125000000000000e-01,4.218750000000000000e-01,2.449999999999999921e-03,1.107499999999999978e-02
5.078125000000000000e-01,6.015625000000000000e-01,6.750000000000000357e-04,5.474999999999999832e-03
4.687500000000000000e-01,6.171875000000000000e-01,5.300000000000000024e-03,5.300000000000000024e-03
4.375000000000000000e-01,3.906250000000000000e-01,5.349999999999999721e-03,1.129999999999999928e-02
4.609375000000000000e-01,5.781250000000000000e-01,2.249999999999999938e-04,6.300000000000000044e-03
4.921875000000000000e-01,6.015625000000000000e-01,5.525000000000000397e-03,5.525000000000000397e-03
4.296875000000000000e-01,3.750000000000000000e-01,5.575000000000000094e-03,1.042500000000000024e-02
5.000000000000000000e-01,5.625000000000000000e-01,2.500000000000000120e-05,5.275000000000000175e-03
4.531250000000000000e-01,5.703125000000000000e-01,5.400000000000000286e-03,5.324999999999999872e-03
4.453125000000000000e-01,5.156250000000000000e-01,5.624999999999999792e-03,5.474999999999999832e-03
4.218750000000000000e-01,3.125000000000000000e-01,1.000000000000000048e-04,9.724999999999999270e-03
4.765625000000000000e-01,5.390625000000000000e-01,5.224999999999999610e-03,5.599999999999999943e-03
4.140625000000000000e-01,3.203125000000000000e-01,5.649999999999999641e-03,1.124999999999999958e-02
4.843750000000000000e-01,5.000000000000000000e-01,1.000000000000000048e-04,4.899999999999999842e-03
4.375000000000000000e-01,5.234375000000000000e-01,5.275000000000000175e-03,1.050000000000000065e-02
4.062500000000000000e-01,3.828125000000000000e-01,5.975000000000000276e-03,9.924999999999999795e-03
4.453125000000000000e-01,4.921875000000000000e-01,4.425000000000000114e-03,1.057499999999999933e-02
3.906250000000000000e-01,4.062500000000000000e-01,5.499999999999999681e-03,1.602500000000000105e-02
4.609375000000000000e-01,4.140625000000000000e-01,5.449999999999999983e-03,5.725000000000000054e-03
4.062500000000000000e-01,4.140625000000000000e-01,5.624999999999999792e-03,4.924999999999999691e-03
3.750000000000000000e-01,4.687500000000000000e-01,5.449999999999999983e-03,2.099999999999999870e-03
3.671875000000000000e-01,4.765625000000000000e-01,2.275000000000000112e-03,2.425000000000000072e-03
5.000000000000000000e-01,4.843750000000000000e-01,2.374999999999999941e-03,1.099999999999999936e-02
3.750000000000000000e-01,4.062500000000000000e-01,2.500000000000000052e-04,3.550000000000000204e-03
4.062500000000000000e-01,4.687500000000000000e-01,5.649999999999999641e-03,1.009999999999999960e-02
5.156250000000000000e-01,5.703125000000000000e-01,5.125000000000000215e-03,1.137499999999999969e-02
3.984375000000000000e-01,4.921875000000000000e-01,5.400000000000000286e-03,5.300000000000000024e-03
5.312500000000000000e-01,5.390625000000000000e-01,5.349999999999999721e-03,1.122500000000000060e-02
4.609375000000000000e-01,4.609375000000000000e-01,2.000000000000000096e-04,5.374999999999999570e-03
3.906250000000000000e-01,4.218750000000000000e-01,5.300000000000000024e-03,1.012500000000000032e-02
5.390625000000000000e-01,5.937500000000000000e-01,5.400000000000000286e-03,4.725000000000000033e-03
3.828125000000000000e-01,3.906250000000000000e-01,5.374999999999999570e-03,2.399999999999999790e-03
4.453125000000000000e-01,5.703125000000000000e-01,2.500000000000000120e-05,3.950000000000000386e-03
3.671875000000000000e-01,3.671875000000000000e-01,2.425000000000000072e-03,2.550000000000000183e-03
5.390625000000000000e-01,6.093750000000000000e-01,2.850000000000000103e-03,1.554999999999999959e-02
3.828125000000000000e-01,4.218750000000000000e-01,1.749999999999999982e-04,4.874999999999999993e-03
3.515625000000000000e-01,4.921875000000000000e-01,4.975000000000000255e-03,6.199999999999999782e-03
3.671875000000000000e-01,4.921875000000000000e-01,5.199999999999999761e-03,1.064999999999999974e-02
5.312500000000000000e-01,5.390625000000000000e-01,5.575000000000000094e-03,5.825000000000000316e-03
3.828125000000000000e-01,3.750000000000000000e-01,5.425000000000000135e-03,1.027499999999999941e-02
5.937500000000000000e-01,5.156250000000000000e-01,2.249999999999999938e-04,4.749999999999999882e-03
5.234375000000000000e-01,5.468750000000000000e-01,5.324999999999999872e-03,8.899999999999999925e-03
3.906250000000000000e-01,5.703125000000000000e-01,5.174999999999999913e-03,5.024999999999999953e-03
5.156250000000000000e-01,5.234375000000000000e-01,4.825000000000000296e-03,2.975000000000000214e-03
2.968750000000000000e-01,5.312500000000000000e-01,2.000000000000000096e-04,6.000000000000000125e-03
5.000000000000000000e-01,5.312500000000000000e-01,2.775000000000000123e-03,1.949999999999999910e-03
3.906250000000000000e-01,5.703125000000000000e-01,2.899999999999999800e-03,1.502500000000000016e-02
5.156250000000000000e-01,4.687500000000000000e-01,1.499999999999999869e-04,4.624999999999999771e-03
4.843750000000000000e-01,5.000000000000000000e-01,5.199999999999999761e-03,4.199999999999999740e-03
5.000000000000000000e-01,4.843750000000000000e-01,5.049999999999999802e-03,1.129999999999999928e-02
3.828125000000000000e-01,4.687500000000000000e-01,5.074999999999999650e-03,5.199999999999999761e-03
5.156250000000000000e-01,4.765625000000000000e-01,5.550000000000000246e-03,1.082499999999999955e-02
4.453125000000000000e-01,4.687500000000000000e-01,2.500000000000000120e-05,5.300000000000000024e-03
3.750000000000000000e-01,4.687500000000000000e-01,5.499999999999999681e-03,1.020000000000000073e-02
5.234375000000000000e-01,6.406250000000000000e-01,5.024999999999999953e-03,4.950000000000000407e-03
4.296875000000000000e-01,5.390625000000000000e-01,5.474999999999999832e-03,5.224999999999999610e-03
3.671875000000000000e-01,4.140625000000000000e-01,4.000000000000000192e-04,2.024999999999999890e-03
3.515625000000000000e-01,3.984375000000000000e-01,2.299999999999999961e-03,2.200000000000000133e-03
5.234375000000000000e-01,5.703125000000000000e-01,2.500000000000000052e-03,1.590000000000000094e-02
3.671875000000000000e-01,3.984375000000000000e-01,2.500000000000000052e-04,5.199999999999999761e-03
3.359375000000000000e-01,4.921875000000000000e-01,5.125000000000000215e-03,5.924999999999999711e-03
3.515625000000000000e-01,4.921875000000000000e-01,6.049999999999999822e-03,1.057499999999999933e-02
5.156250000000000000e-01,5.703125000000000000e-01,4.850000000000000144e-03,5.624999999999999792e-03
5.781250000000000000e-01,5.781250000000000000e-01,5.799999999999999600e-03,4.774999999999999731e-03
3.671875000000000000e-01,4.765625000000000000e-01,2.000000000000000096e-04,1.030000000000000013e-02
5.078125000000000000e-01,6.093750000000000000e-01,4.799999999999999580e-03,9.875000000000000097e-03
3.750000000000000000e-01,5.546875000000000000e-01,5.899999999999999863e-03,1.582499999999999879e-02
5.000000000000000000e-01,6.093750000000000000e-01,5.525000000000000397e-03,2.174999999999999850e-03
4.843750000000000000e-01,5.625000000000000000e-01,2.550000000000000183e-03,1.699999999999999905e-03
5.000000000000000000e-01,6.250000000000000000e-01,2.374999999999999941e-03,2.000000000000000042e-03
3.671875000000000000e-01,4.453125000000000000e-01,5.899999999999999863e-03,2.099999999999999870e-03
5.937500000000000000e-01,6.484375000000000000e-01,0.000000000000000000e+00,1.117499999999999917e-02
3.515625000000000000e-01,5.234375000000000000e-01,2.350000000000000092e-03,2.925000000000000083e-03
4.062500000000000000e-01,5.859375000000000000e-01,2.674999999999999861e-03,2.749999999999999840e-03
4.140625000000000000e-01,5.781250000000000000e-01,2.775000000000000123e-03,2.150000000000000001e-03
4.296875000000000000e-01,5.546875000000000000e-01,2.449999999999999921e-03,2.275000000000000112e-03
6.015625000000000000e-01,6.015625000000000000e-01,8.249999999999999955e-04,3.200000000000000153e-03
4.140625000000000000e-01,5.468750000000000000e-01,1.799999999999999951e-03,1.724999999999999971e-03
5.937500000000000000e-01,6.562500000000000000e-01,1.049999999999999935e-03,2.674999999999999861e-03
4.296875000000000000e-01,5.468750000000000000e-01,1.199999999999999895e-03,1.250000000000000026e-03
5.781250000000000000e-01,6.250000000000000000e-01,1.624999999999999925e-03,2.200000000000000133e-03
4.140625000000000000e-01,4.609375000000000000e-01,7.499999999999999343e-05,1.075000000000000001e-03
4.296875000000000000e-01,5.156250000000000000e-01,1.325000000000000006e-03,1.799999999999999951e-03
5.625000000000000000e-01,6.484375000000000000e-01,1.199999999999999895e-03,1.850000000000000082e-03
4.140625000000000000e-01,5.312500000000000000e-01,5.999999999999999474e-04,1.624999999999999925e-03
4.062500000000000000e-01,5.234375000000000000e-01,1.799999999999999951e-03,2.500000000000000052e-03
5.546875000000000000e-01,6.406250000000000000e-01,2.249999999999999938e-04,1.925000000000000062e-03
4.140625000000000000e-01,5.625000000000000000e-01,2.275000000000000112e-03,2.275000000000000112e-03
5.390625000000000000e-01,6.015625000000000000e-01,6.499999999999999702e-04,2.200000000000000133e-03
4.062500000000000000e-01,5.468750000000000000e-01,2.125000000000000153e-03,1.792499999999999996e-02
5.312500000000000000e-01,6.015625000000000000e-01,8.750000000000000182e-04,3.874999999999999972e-02
5.156250000000000000e-01,2.656250000000000000e-01,1.500000000000000031e-03,3.174999999999999871e-03
5.000000000000000000e-01,5.703125000000000000e-01,1.799999999999999951e-03,2.524999999999999901e-03
4.843750000000000000e-01,5.937500000000000000e-01,2.650000000000000012e-03,2.475000000000000203e-03
4.687500000000000000e-01,6.093750000000000000e-01,2.550000000000000183e-03,4.199999999999999740e-03
4.609375000000000000e-01,5.781250000000000000e-01,2.350000000000000092e-03,2.850000000000000103e-03
4.453125000000000000e-01,5.937500000000000000e-01,2.700000000000000143e-03,3.950000000000000386e-03
4.375000000000000000e-01,6.093750000000000000e-01,2.874999999999999951e-03,2.524999999999999901e-03
4.218750000000000000e-01,5.937500000000000000e-01,2.625000000000000163e-03,2.749999999999999840e-03
4.062500000000000000e-01,5.703125000000000000e-01,3.500000000000000073e-03,1.340000000000000045e-02
3.125000000000000000e-01,5.000000000000000000e-01,1.262500000000000080e-02,1.212500000000000036e-02
5.937500000000000000e-01,4.218750000000000000e-01,1.577500000000000083e-02,1.145000000000000011e-02
4.687500000000000000e-01,4.765625000000000000e-01,3.575000000000000053e-03,2.599999999999999881e-03
4.609375000000000000e-01,5.468750000000000000e-01,2.749999999999999840e-03,2.524999999999999901e-03
4.453125000000000000e-01,5.625000000000000000e-01,2.275000000000000112e-03,2.425000000000000072e-03
4.375000000000000000e-01,4.921875000000000000e-01,3.024999999999999911e-03,5.624999999999999792e-03
5.000000000000000000e-01,4.843750000000000000e-01,1.000000000000000048e-04,1.060000000000000005e-02
4.765625000000000000e-01,5.781250000000000000e-01,5.675000000000000357e-03,5.125000000000000215e-03
5.078125000000000000e-01,4.921875000000000000e-01,5.250000000000000326e-03,1.119999999999999989e-02
4.843750000000000000e-01,5.000000000000000000e-01,2.000000000000000096e-04,5.474999999999999832e-03
4.531250000000000000e-01,5.781250000000000000e-01,5.374999999999999570e-03,4.924999999999999691e-03
4.453125000000000000e-01,5.000000000000000000e-01,5.150000000000000064e-03,5.575000000000000094e-03
5.156250000000000000e-01,5.078125000000000000e-01,7.499999999999999343e-05,1.192499999999999984e-02
4.921875000000000000e-01,5.859375000000000000e-01,5.649999999999999641e-03,5.074999999999999650e-03
5.000000000000000000e-01,5.468750000000000000e-01,5.174999999999999913e-03,5.749999999999999903e-03
5.234375000000000000e-01,5.156250000000000000e-01,3.249999999999999851e-04,1.017500000000000002e-02
4.687500000000000000e-01,5.859375000000000000e-01,5.125000000000000215e-03,5.300000000000000024e-03
4.609375000000000000e-01,5.234375000000000000e-01,5.150000000000000064e-03,5.675000000000000357e-03
5.312500000000000000e-01,4.609375000000000000e-01,5.249999999999999676e-04,1.060000000000000005e-02
5.078125000000000000e-01,6.093750000000000000e-01,5.199999999999999761e-03,1.082499999999999955e-02
5.390625000000000000e-01,5.390625000000000000e-01,5.474999999999999832e-03,1.154999999999999950e-02
5.000000000000000000e-01,5.468750000000000000e-01,5.449999999999999983e-03,1.149999999999999981e-02
5.546875000000000000e-01,5.156250000000000000e-01,5.899999999999999863e-03,1.080000000000000057e-02
4.843750000000000000e-01,4.609375000000000000e-01,5.575000000000000094e-03,5.425000000000000135e-03
5.390625000000000000e-01,3.671875000000000000e-01,5.649999999999999641e-03,1.190000000000000085e-02
5.625000000000000000e-01,4.843750000000000000e-01,5.749999999999999903e-04,2.824999999999999820e-03
6.015625000000000000e-01,5.703125000000000000e-01,2.674999999999999861e-03,3.099999999999999891e-03
5.937500000000000000e-01,5.859375000000000000e-01,2.500000000000000052e-03,2.324999999999999810e-03
5.781250000000000000e-01,6.250000000000000000e-01,2.324999999999999810e-03,2.949999999999999931e-03
5.703125000000000000e-01,6.093750000000000000e-01,2.975000000000000214e-03,5.374999999999999570e-03
4.453125000000000000e-01,4.140625000000000000e-01,1.000000000000000048e-04,1.069999999999999944e-02
6.093750000000000000e-01,6.328125000000000000e-01,5.000000000000000104e-03,5.599999999999999943e-03
6.171875000000000000e-01,5.937500000000000000e-01,5.499999999999999681e-03,5.850000000000000165e-03
4.531250000000000000e-01,4.140625000000000000e-01,3.249999999999999851e-04,1.092500000000000068e-02
5.859375000000000000e-01,6.406250000000000000e-01,5.199999999999999761e-03,5.100000000000000366e-03
5.781250000000000000e-01,6.015625000000000000e-01,5.349999999999999721e-03,5.624999999999999792e-03
4.609375000000000000e-01,4.218750000000000000e-01,1.499999999999999869e-04,9.825000000000000400e-03
6.250000000000000000e-01,6.093750000000000000e-01,5.024999999999999953e-03,6.224999999999999631e-03
6.328125000000000000e-01,5.546875000000000000e-01,5.449999999999999983e-03,5.975000000000000276e-03
4.687500000000000000e-01,4.218750000000000000e-01,1.000000000000000048e-04,1.074999999999999914e-02
6.015625000000000000e-01,6.406250000000000000e-01,5.349999999999999721e-03,5.425000000000000135e-03
4.765625000000000000e-01,4.375000000000000000e-01,5.349999999999999721e-03,1.214999999999999934e-02
5.937500000000000000e-01,5.937500000000000000e-01,2.249999999999999938e-04,5.125000000000000215e-03
6.406250000000000000e-01,6.015625000000000000e-01,5.349999999999999721e-03,1.145000000000000011e-02
4.843750000000000000e-01,4.453125000000000000e-01,5.774999999999999752e-03,1.119999999999999989e-02
6.328125000000000000e-01,5.390625000000000000e-01,5.100000000000000366e-03,1.137499999999999969e-02
5.000000000000000000e-01,4.609375000000000000e-01,5.899999999999999863e-03,1.007500000000000062e-02
6.171875000000000000e-01,5.390625000000000000e-01,4.774999999999999731e-03,5.899999999999999863e-03
6.328125000000000000e-01,4.687500000000000000e-01,5.899999999999999863e-03,3.150000000000000022e-03
5.078125000000000000e-01,3.046875000000000000e-01,5.000000000000000240e-05,1.044999999999999922e-02
6.171875000000000000e-01,5.937500000000000000e-01,2.799999999999999972e-03,2.975000000000000214e-03
6.015625000000000000e-01,6.328125000000000000e-01,2.524999999999999901e-03,2.324999999999999810e-03
5.937500000000000000e-01,6.328125000000000000e-01,2.299999999999999961e-03,2.475000000000000203e-03
6.015625000000000000e-01,6.015625000000000000e-01,2.775000000000000123e-03,5.550000000000000246e-03
4.843750000000000000e-01,4.218750000000000000e-01,1.749999999999999982e-04,1.089999999999999997e-02
5.468750000000000000e-01,5.781250000000000000e-01,5.275000000000000175e-03,4.725000000000000033e-03
5.390625000000000000e-01,5.390625000000000000e-01,5.300000000000000024e-03,5.550000000000000246e-03
4.687500000000000000e-01,3.906250000000000000e-01,1.250000000000000026e-04,1.060000000000000005e-02
5.937500000000000000e-01,5.312500000000000000e-01,5.174999999999999913e-03,5.575000000000000094e-03
4.609375000000000000e-01,3.593750000000000000e-01,5.474999999999999832e-03,1.112499999999999947e-02
5.781250000000000000e-01,5.078125000000000000e-01,1.499999999999999869e-04,4.850000000000000144e-03
5.312500000000000000e-01,5.234375000000000000e-01,5.250000000000000326e-03,8.099999999999999561e-03
4.453125000000000000e-01,4.062500000000000000e-01,5.324999999999999872e-03,1.082499999999999955e-02
5.781250000000000000e-01,4.765625000000000000e-01,2.500000000000000052e-03,3.200000000000000153e-03
5.625000000000000000e-01,5.625000000000000000e-01,2.524999999999999901e-03,3.125000000000000173e-03
5.546875000000000000e-01,5.703125000000000000e-01,2.350000000000000092e-03,2.949999999999999931e-03
5.390625000000000000e-01,5.468750000000000000e-01,3.200000000000000153e-03,5.275000000000000175e-03
4.687500000000000000e-01,3.671875000000000000e-01,1.749999999999999982e-04,1.017500000000000002e-02
5.937500000000000000e-01,5.468750000000000000e-01,5.100000000000000366e-03,5.199999999999999761e-03
5.781250000000000000e-01,5.468750000000000000e-01,5.250000000000000326e-03,5.049999999999999802e-03
4.609375000000000000e-01,3.593750000000000000e-01,2.000000000000000096e-04,1.082499999999999955e-02
5.234375000000000000e-01,4.921875000000000000e-01,5.199999999999999761e-03,5.324999999999999872e-03
5.156250000000000000e-01,4.921875000000000000e-01,5.624999999999999792e-03,5.150000000000000064e-03
4.453125000000000000e-01,3.828125000000000000e-01,1.749999999999999982e-04,1.009999999999999960e-02
5.625000000000000000e-01,5.156250000000000000e-01,5.199999999999999761e-03,5.100000000000000366e-03
5.546875000000000000e-01,4.609375000000000000e-01,5.349999999999999721e-03,1.057499999999999933e-02
4.296875000000000000e-01,4.531250000000000000e-01,5.000000000000000240e-05,2.350000000000000092e-03
4.609375000000000000e-01,5.234375000000000000e-01,2.575000000000000032e-03,2.700000000000000143e-03
4.687500000000000000e-01,5.937500000000000000e-01,2.249999999999999830e-03,2.550000000000000183e-03
4.843750000000000000e-01,6.093750000000000000e-01,2.650000000000000012e-03,2.674999999999999861e-03
6.171875000000000000e-01,5.546875000000000000e-01,2.775000000000000123e-03,1.050000000000000065e-02
5.000000000000000000e-01,5.703125000000000000e-01,2.750000000000000166e-04,5.649999999999999641e-03
4.531250000000000000e-01,5.937500000000000000e-01,5.074999999999999650e-03,5.300000000000000024e-03
6.015625000000000000e-01,5.234375000000000000e-01,5.049999999999999802e-03,1.115000000000000019e-02
4.453125000000000000e-01,5.468750000000000000e-01,2.500000000000000120e-05,5.725000000000000054e-03
4.843750000000000000e-01,5.859375000000000000e-01,5.825000000000000316e-03,5.300000000000000024e-03
4.765625000000000000e-01,5.234375000000000000e-01,5.049999999999999802e-03,5.624999999999999792e-03
5.937500000000000000e-01,5.156250000000000000e-01,3.249999999999999851e-04,1.069999999999999944e-02
4.296875000000000000e-01,5.468750000000000000e-01,5.400000000000000286e-03,7.575000000000000136e-03
5.781250000000000000e-01,4.843750000000000000e-01,5.300000000000000024e-03,1.092500000000000068e-02
5.234375000000000000e-01,5.312500000000000000e-01,3.075000000000000042e-03,2.650000000000000012e-03
5.078125000000000000e-01,5.937500000000000000e-01,2.500000000000000052e-03,3.075000000000000042e-03
5.000000000000000000e-01,5.546875000000000000e-01,2.500000000000000052e-03,2.399999999999999790e-03
6.015625000000000000e-01,5.390625000000000000e-01,2.399999999999999790e-03,1.105000000000000079e-02
4.843750000000000000e-01,5.156250000000000000e-01,3.249999999999999851e-04,5.100000000000000366e-03
5.312500000000000000e-01,6.171875000000000000e-01,5.199999999999999761e-03,5.150000000000000064e-03
5.937500000000000000e-01,5.390625000000000000e-01,5.425000000000000135e-03,1.102500000000000008e-02
5.390625000000000000e-01,5.625000000000000000e-01,1.250000000000000026e-04,5.125000000000000215e-03
4.687500000000000000e-01,5.625000000000000000e-01,5.425000000000000135e-03,5.024999999999999953e-03
4.609375000000000000e-01,5.000000000000000000e-01,5.174999999999999913e-03,4.825000000000000296e-03
5.781250000000000000e-01,5.312500000000000000e-01,3.750000000000000078e-04,2.075000000000000108e-02
5.078125000000000000e-01,4.531250000000000000e-01,5.250000000000000326e-03,5.125000000000000215e-03
5.000000000000000000e-01,4.140625000000000000e-01,5.349999999999999721e-03,2.174999999999999850e-03
4.843750000000000000e-01,5.078125000000000000e-01,2.575000000000000032e-03,1.949999999999999910e-03
4.687500000000000000e-01,5.625000000000000000e-01,2.275000000000000112e-03,2.150000000000000001e-03
4.609375000000000000e-01,6.093750000000000000e-01,2.249999999999999830e-03,3.050000000000000194e-03
4.453125000000000000e-01,5.546875000000000000e-01,2.850000000000000103e-03,4.899999999999999842e-03
5.625000000000000000e-01,5.390625000000000000e-01,5.000000000000000104e-04,4.449999999999999963e-03
5.546875000000000000e-01,5.546875000000000000e-01,4.725000000000000033e-03,5.425000000000000135e-03
4.375000000000000000e-01,5.625000000000000000e-01,1.000000000000000048e-04,5.400000000000000286e-03
4.453125000000000000e-01,5.234375000000000000e-01,5.474999999999999832e-03,5.550000000000000246e-03
5.625000000000000000e-01,5.546875000000000000e-01,0.000000000000000000e+00,1.099999999999999936e-02
4.140625000000000000e-01,5.312500000000000000e-01,5.449999999999999983e-03,5.125000000000000215e-03
5.703125000000000000e-01,5.312500000000000000e-01,5.100000000000000366e-03,1.132500000000000000e-02
4.062500000000000000e-01,5.234375000000000000e-01,1.250000000000000026e-04,5.324999999999999872e-03
4.531250000000000000e-01,5.703125000000000000e-01,5.550000000000000246e-03,5.174999999999999913e-03
4.609375000000000000e-01,5.468750000000000000e-01,5.275000000000000175e-03,5.275000000000000175e-03
5.781250000000000000e-01,5.156250000000000000e-01,7.499999999999999343e-05,9.924999999999999795e-03
4.296875000000000000e-01,5.859375000000000000e-01,5.000000000000000104e-03,5.474999999999999832e-03
5.859375000000000000e-01,5.546875000000000000e-01,5.474999999999999832e-03,9.950000000000000511e-03
4.218750000000000000e-01,5.468750000000000000e-01,1.499999999999999869e-04,6.374999999999999591e-03
4.687500000000000000e-01,5.937500000000000000e-01,5.624999999999999792e-03,1.077499999999999986e-02
5.937500000000000000e-01,5.859375000000000000e-01,4.799999999999999580e-03,1.145000000000000011e-02
4.609375000000000000e-01,5.312500000000000000e-01,5.825000000000000316e-03,1.097500000000000038e-02
6.093750000000000000e-01,6.015625000000000000e-01,5.324999999999999872e-03,1.052499999999999963e-02
4.453125000000000000e-01,4.453125000000000000e-01,5.550000000000000246e-03,5.224999999999999610e-03
6.171875000000000000e-01,4.609375000000000000e-01,4.924999999999999691e-03,3.125000000000000173e-03
5.000000000000000000e-01,3.828125000000000000e-01,7.499999999999999343e-05,1.175000000000000003e-02
6.015625000000000000e-01,5.937500000000000000e-01,2.749999999999999840e-03,3.225000000000000002e-03
5.937500000000000000e-01,6.015625000000000000e-01,2.449999999999999921e-03,2.500000000000000052e-03
5.781250000000000000e-01,5.859375000000000000e-01,2.625000000000000163e-03,2.500000000000000052e-03
5.703125000000000000e-01,6.093750000000000000e-01,2.775000000000000123e-03,6.049999999999999822e-03
4.062500000000000000e-01,4.375000000000000000e-01,7.499999999999999343e-05,1.179999999999999973e-02
6.250000000000000000e-01,6.250000000000000000e-01,5.049999999999999802e-03,6.774999999999999772e-03
6.328125000000000000e-01,5.468750000000000000e-01,5.649999999999999641e-03,6.275000000000000196e-03
4.140625000000000000e-01,4.062500000000000000e-01,2.500000000000000120e-05,1.159999999999999920e-02
5.859375000000000000e-01,6.484375000000000000e-01,5.675000000000000357e-03,5.049999999999999802e-03
5.781250000000000000e-01,6.015625000000000000e-01,5.300000000000000024e-03,6.150000000000000085e-03
4.218750000000000000e-01,4.296875000000000000e-01,1.000000000000000048e-04,1.004999999999999991e-02
6.406250000000000000e-01,6.406250000000000000e-01,5.150000000000000064e-03,5.474999999999999832e-03
4.296875000000000000e-01,4.296875000000000000e-01,5.474999999999999832e-03,1.182500000000000044e-02
6.484375000000000000e-01,6.093750000000000000e-01,0.000000000000000000e+00,5.875000000000000014e-03
6.015625000000000000e-01,6.484375000000000000e-01,5.749999999999999903e-03,5.675000000000000357e-03
4.375000000000000000e-01,4.453125000000000000e-01,5.499999999999999681e-03,1.190000000000000085e-02
5.937500000000000000e-01,6.093750000000000000e-01,2.000000000000000096e-04,5.374999999999999570e-03
5.781250000000000000e-01,6.093750000000000000e-01,5.725000000000000054e-03,1.089999999999999997e-02
4.453125000000000000e-01,4.843750000000000000e-01,5.224999999999999610e-03,1.080000000000000057e-02
5.625000000000000000e-01,5.078125000000000000e-01,5.675000000000000357e-03,1.132500000000000000e-02
4.609375000000000000e-01,4.687500000000000000e-01,5.074999999999999650e-03,1.085000000000000027e-02
5.546875000000000000e-01,4.843750000000000000e-01,6.224999999999999631e-03,1.007500000000000062e-02
4.687500000000000000e-01,4.453125000000000000e-01,4.799999999999999580e-03,1.094999999999999966e-02
5.390625000000000000e-01,5.000000000000000000e-01,5.875000000000000014e-03,1.949999999999999910e-03
5.546875000000000000e-01,5.546875000000000000e-01,2.249999999999999830e-03,2.174999999999999850e-03
4.453125000000000000e-01,4.531250000000000000e-01,2.674999999999999861e-03,1.097500000000000038e-02
5.625000000000000000e-01,5.468750000000000000e-01,7.499999999999999343e-05,4.575000000000000074e-03
4.921875000000000000e-01,5.781250000000000000e-01,5.250000000000000326e-03,5.300000000000000024e-03
4.296875000000000000e-01,4.062500000000000000e-01,5.400000000000000286e-03,1.050000000000000065e-02
5.000000000000000000e-01,5.390625000000000000e-01,4.000000000000000192e-04,5.675000000000000357e-03
5.703125000000000000e-01,5.390625000000000000e-01,5.324999999999999872e-03,4.924999999999999691e-03
4.140625000000000000e-01,4.062500000000000000e-01,5.199999999999999761e-03,9.724999999999999270e-03
5.781250000000000000e-01,4.921875000000000000e-01,0.000000000000000000e+00,4.499999999999999660e-03
5.078125000000000000e-01,4.687500000000000000e-01,5.224999999999999610e-03,4.599999999999999922e-03
4.062500000000000000e-01,4.062500000000000000e-01,4.924999999999999691e-03,2.625000000000000163e-03
5.234375000000000000e-01,4.453125000000000000e-01,7.499999999999999343e-05,1.105000000000000079e-02
4.140625000000000000e-01,5.703125000000000000e-01,2.425000000000000072e-03,2.925000000000000083e-03
4.296875000000000000e-01,5.703125000000000000e-01,2.500000000000000052e-03,2.399999999999999790e-03
4.453125000000000000e-01,6.171875000000000000e-01,2.500000000000000052e-03,3.225000000000000002e-03
4.531250000000000000e-01,6.093750000000000000e-01,3.174999999999999871e-03,6.250000000000000347e-03
5.781250000000000000e-01,5.078125000000000000e-01,1.000000000000000048e-04,1.072500000000000016e-02
4.140625000000000000e-01,5.703125000000000000e-01,5.725000000000000054e-03,5.975000000000000276e-03
5.703125000000000000e-01,5.078125000000000000e-01,5.199999999999999761e-03,1.087499999999999925e-02
4.062500000000000000e-01,5.390625000000000000e-01,2.249999999999999938e-04,5.100000000000000366e-03
4.453125000000000000e-01,5.781250000000000000e-01,5.374999999999999570e-03,5.700000000000000205e-03
5.468750000000000000e-01,4.453125000000000000e-01,5.275000000000000175e-03,1.455000000000000043e-02
4.296875000000000000e-01,4.921875000000000000e-01,2.500000000000000052e-04,5.049999999999999802e-03
3.906250000000000000e-01,5.468750000000000000e-01,5.174999999999999913e-03,5.575000000000000094e-03
3.828125000000000000e-01,4.843750000000000000e-01,5.550000000000000246e-03,1.052499999999999963e-02
5.390625000000000000e-01,4.921875000000000000e-01,2.500000000000000052e-03,1.775000000000000102e-03
5.234375000000000000e-01,5.312500000000000000e-01,2.299999999999999961e-03,2.099999999999999870e-03
5.390625000000000000e-01,6.250000000000000000e-01,2.575000000000000032e-03,3.000000000000000062e-03
5.468750000000000000e-01,5.703125000000000000e-01,3.249999999999999851e-03,5.174999999999999913e-03
4.296875000000000000e-01,4.296875000000000000e-01,2.750000000000000166e-04,1.037500000000000054e-02
4.765625000000000000e-01,5.390625000000000000e-01,4.899999999999999842e-03,4.725000000000000033e-03
4.843750000000000000e-01,5.234375000000000000e-01,5.525000000000000397e-03,5.374999999999999570e-03
4.140625000000000000e-01,3.984375000000000000e-01,3.750000000000000078e-04,1.002499999999999919e-02
5.546875000000000000e-01,5.546875000000000000e-01,5.000000000000000104e-03,5.100000000000000366e-03
5.625000000000000000e-01,5.625000000000000000e-01,5.349999999999999721e-03,4.850000000000000144e-03
4.062500000000000000e-01,3.750000000000000000e-01,5.000000000000000240e-05,1.014999999999999930e-02
5.000000000000000000e-01,4.921875000000000000e-01,5.049999999999999802e-03,5.474999999999999832e-03
5.156250000000000000e-01,4.531250000000000000e-01,5.550000000000000246e-03,1.089999999999999997e-02
3.906250000000000000e-01,4.296875000000000000e-01,1.250000000000000026e-04,2.625000000000000163e-03
4.062500000000000000e-01,5.390625000000000000e-01,2.550000000000000183e-03,2.550000000000000183e-03
4.218750000000000000e-01,5.937500000000000000e-01,2.399999999999999790e-03,2.575000000000000032e-03
4.296875000000000000e-01,6.015625000000000000e-01,2.599999999999999881e-03,2.449999999999999921e-03
4.453125000000000000e-01,5.625000000000000000e-01,2.724999999999999992e-03,5.899999999999999863e-03
5.625000000000000000e-01,5.000000000000000000e-01,4.000000000000000192e-04,1.112499999999999947e-02
3.984375000000000000e-01,5.703125000000000000e-01,4.950000000000000407e-03,5.550000000000000246e-03
3.906250000000000000e-01,4.687500000000000000e-01,5.425000000000000135e-03,5.349999999999999721e-03
5.546875000000000000e-01,5.390625000000000000e-01,4.749999999999999990e-04,1.074999999999999914e-02
4.296875000000000000e-01,4.921875000000000000e-01,5.125000000000000215e-03,5.000000000000000104e-03
4.218750000000000000e-01,4.687500000000000000e-01,5.024999999999999953e-03,4.725000000000000033e-03
5.390625000000000000e-01,4.843750000000000000e-01,3.249999999999999851e-04,1.335000000000000075e-02
3.750000000000000000e-01,4.843750000000000000e-01,4.649999999999999620e-03,6.649999999999999661e-03
3.671875000000000000e-01,4.687500000000000000e-01,5.725000000000000054e-03,1.302500000000000012e-02
5.234375000000000000e-01,5.625000000000000000e-01,3.200000000000000153e-03,3.950000000000000386e-03
5.390625000000000000e-01,6.171875000000000000e-01,2.949999999999999931e-03,2.174999999999999850e-03
5.546875000000000000e-01,6.328125000000000000e-01,2.500000000000000052e-03,3.050000000000000194e-03
5.625000000000000000e-01,6.250000000000000000e-01,3.200000000000000153e-03,6.324999999999999893e-03
4.062500000000000000e-01,4.453125000000000000e-01,2.500000000000000052e-04,1.232499999999999915e-02
5.234375000000000000e-01,6.015625000000000000e-01,6.074999999999999671e-03,5.349999999999999721e-03
5.156250000000000000e-01,5.859375000000000000e-01,5.324999999999999872e-03,5.349999999999999721e-03
3.984375000000000000e-01,4.453125000000000000e-01,7.499999999999999343e-05,1.082499999999999955e-02
5.468750000000000000e-01,6.093750000000000000e-01,5.250000000000000326e-03,5.100000000000000366e-03
5.546875000000000000e-01,5.625000000000000000e-01,5.275000000000000175e-03,5.850000000000000165e-03
3.906250000000000000e-01,3.828125000000000000e-01,1.000000000000000048e-04,1.087499999999999925e-02
5.078125000000000000e-01,5.703125000000000000e-01,5.550000000000000246e-03,5.649999999999999641e-03
3.828125000000000000e-01,3.593750000000000000e-01,5.400000000000000286e-03,1.002499999999999919e-02
5.000000000000000000e-01,5.390625000000000000e-01,2.750000000000000166e-04,4.850000000000000144e-03
5.312500000000000000e-01,5.546875000000000000e-01,5.024999999999999953e-03,5.125000000000000215e-03
5.390625000000000000e-01,5.234375000000000000e-01,5.575000000000000094e-03,5.199999999999999761e-03
3.750000000000000000e-01,3.359375000000000000e-01,2.500000000000000052e-04,1.142499999999999939e-02
4.921875000000000000e-01,5.703125000000000000e-01,5.250000000000000326e-03,1.149999999999999981e-02
3.671875000000000000e-01,4.531250000000000000e-01,5.799999999999999600e-03,1.154999999999999950e-02
5.000000000000000000e-01,5.312500000000000000e-01,5.174999999999999913e-03,1.082499999999999955e-02
3.515625000000000000e-01,4.921875000000000000e-01,6.199999999999999782e-03,1.292500000000000072e-02
5.156250000000000000e-01,4.687500000000000000e-01,4.599999999999999922e-03,5.049999999999999802e-03
4.609375000000000000e-01,4.687500000000000000e-01,5.525000000000000397e-03,4.474999999999999811e-03
3.750000000000000000e-01,5.312500000000000000e-01,2.799999999999999972e-03,3.200000000000000153e-03
3.671875000000000000e-01,5.468750000000000000e-01,2.874999999999999951e-03,2.275000000000000112e-03
3.515625000000000000e-01,5.546875000000000000e-01,2.125000000000000153e-03,2.650000000000000012e-03
5.937500000000000000e-01,5.390625000000000000e-01,2.749999999999999840e-03,1.030000000000000013e-02
3.437500000000000000e-01,5.234375000000000000e-01,2.000000000000000096e-04,5.474999999999999832e-03
3.828125000000000000e-01,5.156250000000000000e-01,5.474999999999999832e-03,5.224999999999999610e-03
6.015625000000000000e-01,5.234375000000000000e-01,5.150000000000000064e-03,1.177500000000000074e-02
3.906250000000000000e-01,5.312500000000000000e-01,2.999999999999999737e-04,5.899999999999999863e-03
3.593750000000000000e-01,5.703125000000000000e-01,5.499999999999999681e-03,4.975000000000000255e-03
3.515625000000000000e-01,4.843750000000000000e-01,5.000000000000000104e-03,5.575000000000000094e-03
6.093750000000000000e-01,5.390625000000000000e-01,1.000000000000000048e-04,1.179999999999999973e-02
3.984375000000000000e-01,5.859375000000000000e-01,5.449999999999999983e-03,5.550000000000000246e-03
6.171875000000000000e-01,5.468750000000000000e-01,5.349999999999999721e-03,1.027499999999999941e-02
4.062500000000000000e-01,5.390625000000000000e-01,2.750000000000000166e-04,5.224999999999999610e-03
3.750000000000000000e-01,5.859375000000000000e-01,5.074999999999999650e-03,5.749999999999999903e-03
6.250000000000000000e-01,6.093750000000000000e-01,5.199999999999999761e-03,1.072500000000000016e-02
3.671875000000000000e-01,5.234375000000000000e-01,4.249999999999999763e-04,5.224999999999999610e-03
4.140625000000000000e-01,6.015625000000000000e-01,5.374999999999999570e-03,1.062500000000000076e-02
6.328125000000000000e-01,5.703125000000000000e-01,4.975000000000000255e-03,1.170000000000000033e-02
4.062500000000000000e-01,5.546875000000000000e-01,5.349999999999999721e-03,1.055000000000000035e-02
6.484375000000000000e-01,5.859375000000000000e-01,5.374999999999999570e-03,1.657499999999999946e-02
3.906250000000000000e-01,5.546875000000000000e-01,5.150000000000000064e-03,5.525000000000000397e-03
3.750000000000000000e-01,5.156250000000000000e-01,6.000000000000000125e-03,1.200000000000000025e-02
6.328125000000000000e-01,5.312500000000000000e-01,5.575000000000000094e-03,2.200000000000000133e-03
6.484375000000000000e-01,6.250000000000000000e-01,2.324999999999999810e-03,1.899999999999999996e-03
6.562500000000000000e-01,5.937500000000000000e-01,2.350000000000000092e-03,2.599999999999999881e-03
4.062500000000000000e-01,4.218750000000000000e-01,2.000000000000000096e-04,1.154999999999999950e-02
5.937500000000000000e-01,5.781250000000000000e-01,5.499999999999999681e-03,1.167499999999999961e-02
4.218750000000000000e-01,5.000000000000000000e-01,5.624999999999999792e-03,1.137499999999999969e-02
5.859375000000000000e-01,5.859375000000000000e-01,5.100000000000000366e-03,3.249999999999999851e-03
6.484375000000000000e-01,6.093750000000000000e-01,5.349999999999999721e-03,5.224999999999999610e-03
4.375000000000000000e-01,4.140625000000000000e-01,1.499999999999999869e-04,9.924999999999999795e-03
5.781250000000000000e-01,5.312500000000000000e-01,5.300000000000000024e-03,6.324999999999999893e-03
4.453125000000000000e-01,4.843750000000000000e-01,5.074999999999999650e-03,1.020000000000000073e-02
5.625000000000000000e-01,5.781250000000000000e-01,2.550000000000000183e-03,2.650000000000000012e-03
5.781250000000000000e-01,5.781250000000000000e-01,2.275000000000000112e-03,1.949999999999999910e-03
5.937500000000000000e-01,5.859375000000000000e-01,2.099999999999999870e-03,2.575000000000000032e-03
6.015625000000000000e-01,6.250000000000000000e-01,2.724999999999999992e-03,2.350000000000000092e-03
3.515625000000000000e-01,4.062500000000000000e-01,5.249999999999999676e-04,1.105000000000000079e-02
5.390625000000000000e-01,5.703125000000000000e-01,5.700000000000000205e-03,1.087499999999999925e-02
3.671875000000000000e-01,4.609375000000000000e-01,5.624999999999999792e-03,1.094999999999999966e-02
5.312500000000000000e-01,5.468750000000000000e-01,5.349999999999999721e-03,5.649999999999999641e-03
3.828125000000000000e-01,3.984375000000000000e-01,5.675000000000000357e-03,1.022499999999999971e-02
5.937500000000000000e-01,5.312500000000000000e-01,7.499999999999999343e-05,4.074999999999999629e-03
5.234375000000000000e-01,5.156250000000000000e-01,5.024999999999999953e-03,6.949999999999999581e-03
3.906250000000000000e-01,4.765625000000000000e-01,5.575000000000000094e-03,1.135000000000000071e-02
5.078125000000000000e-01,5.234375000000000000e-01,2.374999999999999941e-03,2.724999999999999992e-03
5.234375000000000000e-01,5.859375000000000000e-01,2.425000000000000072e-03,2.200000000000000133e-03
5.390625000000000000e-01,5.937500000000000000e-01,2.399999999999999790e-03,2.850000000000000103e-03
5.468750000000000000e-01,5.859375000000000000e-01,2.850000000000000103e-03,5.899999999999999863e-03
2.968750000000000000e-01,3.750000000000000000e-01,3.750000000000000078e-04,1.074999999999999914e-02
4.843750000000000000e-01,5.781250000000000000e-01,5.174999999999999913e-03,1.039999999999999952e-02
3.125000000000000000e-01,4.609375000000000000e-01,5.675000000000000357e-03,1.287499999999999929e-02
4.765625000000000000e-01,5.546875000000000000e-01,5.024999999999999953e-03,5.374999999999999570e-03
5.390625000000000000e-01,5.234375000000000000e-01,5.774999999999999752e-03,4.375000000000000416e-03
4.062500000000000000e-01,3.984375000000000000e-01,2.249999999999999938e-04,1.112499999999999947e-02
4.687500000000000000e-01,5.703125000000000000e-01,5.525000000000000397e-03,9.575000000000000178e-03
3.984375000000000000e-01,5.000000000000000000e-01,5.349999999999999721e-03,1.117499999999999917e-02
4.609375000000000000e-01,5.468750000000000000e-01,5.400000000000000286e-03,5.950000000000000427e-03
3.906250000000000000e-01,3.437500000000000000e-01,5.474999999999999832e-03,1.142499999999999939e-02
5.312500000000000000e-01,5.390625000000000000e-01,0.000000000000000000e+00,5.100000000000000366e-03
4.609375000000000000e-01,5.546875000000000000e-01,5.224999999999999610e-03,1.097500000000000038e-02
3.828125000000000000e-01,4.062500000000000000e-01,5.850000000000000165e-03,1.002499999999999919e-02
4.453125000000000000e-01,4.921875000000000000e-01,4.950000000000000407e-03,4.174999999999999892e-03
5.078125000000000000e-01,5.000000000000000000e-01,5.550000000000000246e-03,3.874999999999999972e-03
3.750000000000000000e-01,3.515625000000000000e-01,1.499999999999999869e-04,1.115000000000000019e-02
4.453125000000000000e-01,5.000000000000000000e-01,5.199999999999999761e-03,1.165000000000000063e-02
3.671875000000000000e-01,3.359375000000000000e-01,6.074999999999999671e-03,9.700000000000000289e-03
4.375000000000000000e-01,4.687500000000000000e-01,5.975000000000000276e-03,2.174999999999999850e-03
4.218750000000000000e-01,4.843750000000000000e-01,2.399999999999999790e-03,2.599999999999999881e-03
3.671875000000000000e-01,2.890625000000000000e-01,2.674999999999999861e-03,1.212500000000000036e-02
4.375000000000000000e-01,4.921875000000000000e-01,3.750000000000000078e-04,4.174999999999999892e-03
4.843750000000000000e-01,5.468750000000000000e-01,5.624999999999999792e-03,7.725000000000000096e-03
3.515625000000000000e-01,4.531250000000000000e-01,5.449999999999999983e-03,8.550000000000000308e-03
4.687500000000000000e-01,5.703125000000000000e-01,2.299999999999999961e-03,2.324999999999999810e-03
4.609375000000000000e-01,5.859375000000000000e-01,2.599999999999999881e-03,1.825000000000000016e-03
4.453125000000000000e-01,5.625000000000000000e-01,2.249999999999999830e-03,2.224999999999999981e-03
4.609375000000000000e-01,5.781250000000000000e-01,2.650000000000000012e-03,2.749999999999999840e-03
3.515625000000000000e-01,4.687500000000000000e-01,4.000000000000000192e-04,1.057499999999999933e-02
5.078125000000000000e-01,6.562500000000000000e-01,5.074999999999999650e-03,8.524999999999999592e-03
3.437500000000000000e-01,5.234375000000000000e-01,4.924999999999999691e-03,8.699999999999999400e-03
5.000000000000000000e-01,5.937500000000000000e-01,3.150000000000000022e-03,2.125000000000000153e-03
4.843750000000000000e-01,6.093750000000000000e-01,2.224999999999999981e-03,2.200000000000000133e-03
4.765625000000000000e-01,5.937500000000000000e-01,2.350000000000000092e-03,1.675000000000000057e-03
4.843750000000000000e-01,6.093750000000000000e-01,2.500000000000000052e-03,3.000000000000000062e-03
3.437500000000000000e-01,5.234375000000000000e-01,2.249999999999999938e-04,1.264999999999999979e-02
5.546875000000000000e-01,6.718750000000000000e-01,5.224999999999999610e-03,8.274999999999999370e-03
3.125000000000000000e-01,5.078125000000000000e-01,5.425000000000000135e-03,8.325000000000000802e-03
5.390625000000000000e-01,6.171875000000000000e-01,2.749999999999999840e-03,2.399999999999999790e-03
5.312500000000000000e-01,6.640625000000000000e-01,2.500000000000000052e-03,2.000000000000000042e-03
5.156250000000000000e-01,6.093750000000000000e-01,2.374999999999999941e-03,2.599999999999999881e-03
5.312500000000000000e-01,6.250000000000000000e-01,2.749999999999999840e-03,4.950000000000000407e-03
3.125000000000000000e-01,4.687500000000000000e-01,2.000000000000000096e-04,1.232499999999999915e-02
5.781250000000000000e-01,6.484375000000000000e-01,6.100000000000000387e-03,1.329999999999999932e-02
3.515625000000000000e-01,4.921875000000000000e-01,6.275000000000000196e-03,1.427499999999999949e-02
5.625000000000000000e-01,5.546875000000000000e-01,6.949999999999999581e-03,2.575000000000000032e-03
5.546875000000000000e-01,5.859375000000000000e-01,2.174999999999999850e-03,2.099999999999999870e-03
5.625000000000000000e-01,6.406250000000000000e-01,2.524999999999999901e-03,4.525000000000000376e-03
3.906250000000000000e-01,5.703125000000000000e-01,2.599999999999999881e-03,2.674999999999999861e-03
4.062500000000000000e-01,5.390625000000000000e-01,2.050000000000000173e-03,2.599999999999999881e-03
5.390625000000000000e-01,5.703125000000000000e-01,3.249999999999999851e-04,5.224999999999999610e-03
4.218750000000000000e-01,6.250000000000000000e-01,2.150000000000000001e-03,2.299999999999999961e-03
4.296875000000000000e-01,5.625000000000000000e-01,2.524999999999999901e-03,6.400000000000000307e-03
5.468750000000000000e-01,5.859375000000000000e-01,6.750000000000000357e-04,1.170000000000000033e-02
3.984375000000000000e-01,5.937500000000000000e-01,5.275000000000000175e-03,5.749999999999999903e-03
3.906250000000000000e-01,4.843750000000000000e-01,5.799999999999999600e-03,5.324999999999999872e-03
5.546875000000000000e-01,5.703125000000000000e-01,0.000000000000000000e+00,1.149999999999999981e-02
4.375000000000000000e-01,5.703125000000000000e-01,5.374999999999999570e-03,5.449999999999999983e-03
4.453125000000000000e-01,5.546875000000000000e-01,5.150000000000000064e-03,5.675000000000000357e-03
5.625000000000000000e-01,5.625000000000000000e-01,5.249999999999999676e-04,1.034999999999999983e-02
4.140625000000000000e-01,6.093750000000000000e-01,5.074999999999999650e-03,5.474999999999999832e-03
5.703125000000000000e-01,6.093750000000000000e-01,5.400000000000000286e-03,1.037500000000000054e-02
4.062500000000000000e-01,5.625000000000000000e-01,1.250000000000000026e-04,4.825000000000000296e-03
4.531250000000000000e-01,6.484375000000000000e-01,5.125000000000000215e-03,1.112499999999999947e-02
5.781250000000000000e-01,6.093750000000000000e-01,5.624999999999999792e-03,1.149999999999999981e-02
4.453125000000000000e-01,5.937500000000000000e-01,5.374999999999999570e-03,1.167499999999999961e-02
5.937500000000000000e-01,6.015625000000000000e-01,5.550000000000000246e-03,1.507499999999999986e-02
4.296875000000000000e-01,5.546875000000000000e-01,5.700000000000000205e-03,5.774999999999999752e-03
4.140625000000000000e-01,5.312500000000000000e-01,5.774999999999999752e-03,3.700000000000000164e-03
4.062500000000000000e-01,4.843750000000000000e-01,3.550000000000000204e-03,2.799999999999999972e-03
5.703125000000000000e-01,5.468750000000000000e-01,1.250000000000000026e-04,2.374999999999999941e-03
5.781250000000000000e-01,6.015625000000000000e-01,2.674999999999999861e-03,2.524999999999999901e-03
4.140625000000000000e-01,5.078125000000000000e-01,5.000000000000000240e-05,1.925000000000000062e-03
4.296875000000000000e-01,5.390625000000000000e-01,2.075000000000000022e-03,2.524999999999999901e-03
5.937500000000000000e-01,6.250000000000000000e-01,5.000000000000000240e-05,2.500000000000000052e-03
6.015625000000000000e-01,6.328125000000000000e-01,2.700000000000000143e-03,5.975000000000000276e-03
4.453125000000000000e-01,5.312500000000000000e-01,2.249999999999999938e-04,1.085000000000000027e-02
5.625000000000000000e-01,6.718750000000000000e-01,5.499999999999999681e-03,5.349999999999999721e-03
4.375000000000000000e-01,5.000000000000000000e-01,5.300000000000000024e-03,1.165000000000000063e-02
5.546875000000000000e-01,6.328125000000000000e-01,5.000000000000000240e-05,5.825000000000000316e-03
5.859375000000000000e-01,6.640625000000000000e-01,5.174999999999999913e-03,5.575000000000000094e-03
5.937500000000000000e-01,6.015625000000000000e-01,5.575000000000000094e-03,5.499999999999999681e-03
4.296875000000000000e-01,4.609375000000000000e-01,2.500000000000000052e-04,1.052499999999999963e-02
5.468750000000000000e-01,5.937500000000000000e-01,5.199999999999999761e-03,5.449999999999999983e-03
4.218750000000000000e-01,4.531250000000000000e-01,5.649999999999999641e-03,1.064999999999999974e-02
5.390625000000000000e-01,5.859375000000000000e-01,7.499999999999999343e-05,5.599999999999999943e-03
5.703125000000000000e-01,5.546875000000000000e-01,5.324999999999999872e-03,5.474999999999999832e-03
5.781250000000000000e-01,5.078125000000000000e-01,5.550000000000000246e-03,5.649999999999999641e-03
4.140625000000000000e-01,4.062500000000000000e-01,4.249999999999999763e-04,1.082499999999999955e-02
5.312500000000000000e-01,5.859375000000000000e-01,5.100000000000000366e-03,1.230000000000000017e-02
4.062500000000000000e-01,4.921875000000000000e-01,5.575000000000000094e-03,1.132500000000000000e-02
5.390625000000000000e-01,5.703125000000000000e-01,5.474999999999999832e-03,1.119999999999999989e-02
3.906250000000000000e-01,5.312500000000000000e-01,5.474999999999999832e-03,1.700000000000000122e-02
5.546875000000000000e-01,5.703125000000000000e-01,5.300000000000000024e-03,4.624999999999999771e-03
5.000000000000000000e-01,5.468750000000000000e-01,5.349999999999999721e-03,6.224999999999999631e-03
3.750000000000000000e-01,4.218750000000000000e-01,6.649999999999999661e-03,3.075000000000000042e-03
5.937500000000000000e-01,5.703125000000000000e-01,0.000000000000000000e+00,8.699999999999999400e-03
3.671875000000000000e-01,5.000000000000000000e-01,2.975000000000000214e-03,2.925000000000000083e-03
3.750000000000000000e-01,5.000000000000000000e-01,3.125000000000000173e-03,6.275000000000000196e-03
5.781250000000000000e-01,5.546875000000000000e-01,2.724999999999999992e-03,3.725000000000000012e-03
3.515625000000000000e-01,4.375000000000000000e-01,3.599999999999999901e-03,8.049999999999999864e-03
5.625000000000000000e-01,5.781250000000000000e-01,3.249999999999999851e-04,3.225000000000000002e-03
5.546875000000000000e-01,5.625000000000000000e-01,3.899999999999999821e-03,4.300000000000000003e-03
4.062500000000000000e-01,3.750000000000000000e-01,3.924999999999999670e-03,1.480000000000000066e-02
5.781250000000000000e-01,5.546875000000000000e-01,4.499999999999999877e-04,4.624999999999999771e-03
5.625000000000000000e-01,5.625000000000000000e-01,4.924999999999999691e-03,3.225000000000000002e-03
5.546875000000000000e-01,5.859375000000000000e-01,3.249999999999999851e-03,2.000000000000000042e-03
5.390625000000000000e-01,6.015625000000000000e-01,2.874999999999999951e-03,3.275000000000000133e-03
5.625000000000000000e-01,5.781250000000000000e-01,3.299999999999999982e-03,3.099999999999999891e-03
3.125000000000000000e-01,3.828125000000000000e-01,1.000000000000000048e-04,1.565000000000000072e-02
5.546875000000000000e-01,5.703125000000000000e-01,3.075000000000000042e-03,3.249999999999999851e-03
5.390625000000000000e-01,6.015625000000000000e-01,3.399999999999999811e-03,3.275000000000000133e-03
5.312500000000000000e-01,5.468750000000000000e-01,3.850000000000000124e-03,3.824999999999999841e-03
5.390625000000000000e-01,5.156250000000000000e-01,4.575000000000000074e-03,1.699999999999999905e-03
3.515625000000000000e-01,3.671875000000000000e-01,1.499999999999999869e-04,9.775000000000000702e-03
5.312500000000000000e-01,5.468750000000000000e-01,1.874999999999999931e-03,1.775000000000000102e-03
5.390625000000000000e-01,5.390625000000000000e-01,2.174999999999999850e-03,1.056499999999999939e-01
3.671875000000000000e-01,5.312500000000000000e-01,4.675000000000000336e-03,3.324999999999999831e-03
3.750000000000000000e-01,5.781250000000000000e-01,3.225000000000000002e-03,2.975000000000000214e-03
3.906250000000000000e-01,5.625000000000000000e-01,3.125000000000000173e-03,2.925000000000000083e-03
4.062500000000000000e-01,5.625000000000000000e-01,3.350000000000000113e-03,3.749999999999999861e-03
4.218750000000000000e-01,5.468750000000000000e-01,3.650000000000000033e-03,4.599999999999999922e-03
4.375000000000000000e-01,5.078125000000000000e-01,4.599999999999999922e-03,4.275000000000000154e-03
4.453125000000000000e-01,4.531250000000000000e-01,5.150000000000000064e-03,1.649999999999999991e-03
4.375000000000000000e-01,4.921875000000000000e-01,1.724999999999999971e-03,1.399999999999999986e-03
4.453125000000000000e-01,4.531250000000000000e-01,1.975000000000000193e-03,2.425000000000000072e-02
3.515625000000000000e-01,3.515625000000000000e-01,2.332499999999999851e-02,5.052500000000000047e-02
5.000000000000000000e-01,6.796875000000000000e-01,7.782500000000000528e-02,2.015000000000000124e-02
5.078125000000000000e-01,1.093750000000000000e-01,1.600000000000000077e-03,2.500000000000000120e-05
4.687500000000000000e-01,7.031250000000000000e-01,1.952500000000000069e-02,1.955000000000000140e-02
5.078125000000000000e-01,7.265625000000000000e-01,2.007499999999999910e-02,1.792499999999999996e-02
4.375000000000000000e-01,7.265625000000000000e-01,1.905000000000000096e-02,2.962499999999999856e-02
4.843750000000000000e-01,6.562500000000000000e-01,3.785000000000000170e-02,1.000000000000000021e-03
4.609375000000000000e-01,6.875000000000000000e-01,8.000000000000000167e-03,1.224999999999999960e-03
5.000000000000000000e-01,6.640625000000000000e-01,7.499999999999999722e-03,1.425000000000000051e-03
4.687500000000000000e-01,6.562500000000000000e-01,7.575000000000000136e-03,1.250000000000000026e-03
4.453125000000000000e-01,6.171875000000000000e-01,7.450000000000000025e-03,1.250000000000000026e-03
5.390625000000000000e-01,7.500000000000000000e-01,7.450000000000000025e-03,1.387500000000000018e-02
4.218750000000000000e-01,6.562500000000000000e-01,7.499999999999999343e-05,1.500000000000000031e-03
4.921875000000000000e-01,6.562500000000000000e-01,7.675000000000000398e-03,1.425000000000000051e-03
4.062500000000000000e-01,6.328125000000000000e-01,6.875000000000000035e-03,1.374999999999999920e-03
5.234375000000000000e-01,7.578125000000000000e-01,3.499999999999999964e-04,1.297500000000000042e-02
5.000000000000000000e-01,6.250000000000000000e-01,7.624999999999999833e-03,1.350000000000000071e-03
4.843750000000000000e-01,6.171875000000000000e-01,1.649999999999999991e-03,2.899999999999999800e-03
4.687500000000000000e-01,5.546875000000000000e-01,1.899999999999999996e-03,2.174999999999999850e-03
4.609375000000000000e-01,6.250000000000000000e-01,1.600000000000000077e-03,1.449999999999999900e-03
5.234375000000000000e-01,1.718750000000000000e-01,1.075000000000000001e-03,1.124999999999999915e-03
4.453125000000000000e-01,4.843750000000000000e-01,1.525000000000000097e-03,1.699999999999999905e-03
5.625000000000000000e-01,7.578125000000000000e-01,1.749999999999999982e-04,1.480000000000000066e-02
4.687500000000000000e-01,6.328125000000000000e-01,7.550000000000000287e-03,1.350000000000000071e-03
4.609375000000000000e-01,6.406250000000000000e-01,1.600000000000000077e-03,3.024999999999999911e-03
4.453125000000000000e-01,5.781250000000000000e-01,1.949999999999999910e-03,1.899999999999999996e-03
4.296875000000000000e-01,6.171875000000000000e-01,1.649999999999999991e-03,1.449999999999999900e-03
4.921875000000000000e-01,7.578125000000000000e-01,2.200000000000000133e-03,2.695000000000000173e-02
4.218750000000000000e-01,6.484375000000000000e-01,5.000000000000000240e-05,1.474999999999999966e-03
4.296875000000000000e-01,6.328125000000000000e-01,1.799999999999999951e-03,1.600000000000000077e-03
4.453125000000000000e-01,6.562500000000000000e-01,1.799999999999999951e-03,4.825000000000000296e-03
4.296875000000000000e-01,5.156250000000000000e-01,5.675000000000000357e-03,2.850000000000000103e-03
4.218750000000000000e-01,5.468750000000000000e-01,1.925000000000000062e-03,1.600000000000000077e-03
4.062500000000000000e-01,5.781250000000000000e-01,1.525000000000000097e-03,1.549999999999999946e-03
3.984375000000000000e-01,7.031250000000000000e-01,1.825000000000000016e-03,1.500000000000000031e-03
4.062500000000000000e-01,6.484375000000000000e-01,1.675000000000000057e-03,1.899999999999999996e-03
4.218750000000000000e-01,6.484375000000000000e-01,2.150000000000000001e-03,6.250000000000000347e-03
4.062500000000000000e-01,5.312500000000000000e-01,6.425000000000000155e-03,2.700000000000000143e-03
3.984375000000000000e-01,5.703125000000000000e-01,1.699999999999999905e-03,1.449999999999999900e-03
3.828125000000000000e-01,5.703125000000000000e-01,1.575000000000000011e-03,2.075000000000000022e-03
3.671875000000000000e-01,6.640625000000000000e-01,1.699999999999999905e-03,1.237500000000000058e-02
5.390625000000000000e-01,7.343750000000000000e-01,7.675000000000000398e-03,1.049999999999999935e-03
3.828125000000000000e-01,4.921875000000000000e-01,4.799999999999999580e-03,2.024999999999999890e-03
3.984375000000000000e-01,5.390625000000000000e-01,1.624999999999999925e-03,1.474999999999999966e-03
4.062500000000000000e-01,6.015625000000000000e-01,1.525000000000000097e-03,2.050000000000000173e-03
5.156250000000000000e-01,7.031250000000000000e-01,5.000000000000000240e-05,1.199999999999999895e-03
3.984375000000000000e-01,6.171875000000000000e-01,2.125000000000000153e-03,2.000000000000000042e-03
4.062500000000000000e-01,6.093750000000000000e-01,2.224999999999999981e-03,1.750000000000000036e-03
3.984375000000000000e-01,5.625000000000000000e-01,2.050000000000000173e-03,1.575000000000000011e-03
5.546875000000000000e-01,7.421875000000000000e-01,1.299999999999999940e-03,9.499999999999999981e-04
4.062500000000000000e-01,6.015625000000000000e-01,5.000000000000000104e-04,1.649999999999999991e-03
3.984375000000000000e-01,5.703125000000000000e-01,1.600000000000000077e-03,1.525000000000000097e-03
3.828125000000000000e-01,5.546875000000000000e-01,1.575000000000000011e-03,2.224999999999999981e-03
3.984375000000000000e-01,5.546875000000000000e-01,2.099999999999999870e-03,1.325000000000000006e-03
4.062500000000000000e-01,6.484375000000000000e-01,1.799999999999999951e-03,5.875000000000000014e-03
5.234375000000000000e-01,7.578125000000000000e-01,1.250000000000000026e-04,1.149999999999999981e-03
5.000000000000000000e-01,7.031250000000000000e-01,8.524999999999999592e-03,1.100000000000000066e-03
4.062500000000000000e-01,6.250000000000000000e-01,1.575000000000000011e-03,1.025000000000000086e-03
4.140625000000000000e-01,6.640625000000000000e-01,1.449999999999999900e-03,1.874999999999999931e-03
4.296875000000000000e-01,6.562500000000000000e-01,1.975000000000000193e-03,1.600000000000000077e-03
4.453125000000000000e-01,7.031250000000000000e-01,2.150000000000000001e-03,7.224999999999999652e-03
4.765625000000000000e-01,6.953125000000000000e-01,5.749999999999999903e-04,1.275000000000000092e-03
5.390625000000000000e-01,7.031250000000000000e-01,7.974999999999999450e-03,8.499999999999999526e-04
4.296875000000000000e-01,6.718750000000000000e-01,1.724999999999999971e-03,1.799999999999999951e-03
4.140625000000000000e-01,6.328125000000000000e-01,2.099999999999999870e-03,2.650000000000000012e-03
4.062500000000000000e-01,5.937500000000000000e-01,1.775000000000000102e-03,1.949999999999999910e-03
3.906250000000000000e-01,6.953125000000000000e-01,1.925000000000000062e-03,7.074999999999999692e-03
5.078125000000000000e-01,7.031250000000000000e-01,1.499999999999999869e-04,9.250000000000000409e-04
4.843750000000000000e-01,6.406250000000000000e-01,8.325000000000000802e-03,9.250000000000000409e-04
3.906250000000000000e-01,6.015625000000000000e-01,1.775000000000000102e-03,1.899999999999999996e-03
4.062500000000000000e-01,5.859375000000000000e-01,1.750000000000000036e-03,1.899999999999999996e-03
4.140625000000000000e-01,6.328125000000000000e-01,1.949999999999999910e-03,2.224999999999999981e-03
4.609375000000000000e-01,6.562500000000000000e-01,2.249999999999999830e-03,8.750000000000000182e-04
4.296875000000000000e-01,6.328125000000000000e-01,2.999999999999999737e-04,7.000000000000000146e-03
5.234375000000000000e-01,5.781250000000000000e-01,7.624999999999999833e-03,6.750000000000000357e-04
4.140625000000000000e-01,5.468750000000000000e-01,2.000000000000000042e-03,1.775000000000000102e-03
4.062500000000000000e-01,5.703125000000000000e-01,1.899999999999999996e-03,1.525000000000000097e-03
3.906250000000000000e-01,5.546875000000000000e-01,1.399999999999999986e-03,2.200000000000000133e-03
5.000000000000000000e-01,6.718750000000000000e-01,2.174999999999999850e-03,9.749999999999999552e-04
3.750000000000000000e-01,6.171875000000000000e-01,4.000000000000000192e-04,1.280000000000000061e-02
5.390625000000000000e-01,7.109375000000000000e-01,7.550000000000000287e-03,1.299999999999999940e-03
3.906250000000000000e-01,5.703125000000000000e-01,4.550000000000000225e-03,4.174999999999999892e-03
5.937500000000000000e-01,7.890625000000000000e-01,3.324999999999999831e-03,1.277499999999999990e-02
4.062500000000000000e-01,6.015625000000000000e-01,4.000000000000000192e-04,3.599999999999999901e-03
4.140625000000000000e-01,5.781250000000000000e-01,4.199999999999999740e-03,1.750000000000000036e-03
4.062500000000000000e-01,5.703125000000000000e-01,2.075000000000000022e-03,2.550000000000000183e-03
5.312500000000000000e-01,6.171875000000000000e-01,1.575000000000000011e-03,1.399999999999999986e-03
3.906250000000000000e-01,5.859375000000000000e-01,4.499999999999999877e-04,4.850000000000000144e-03
4.062500000000000000e-01,6.093750000000000000e-01,3.650000000000000033e-03,3.700000000000000164e-03
5.625000000000000000e-01,8.203125000000000000e-01,3.625000000000000184e-03,9.450000000000000067e-03
4.140625000000000000e-01,6.250000000000000000e-01,1.499999999999999869e-04,1.502500000000000016e-02
4.453125000000000000e-01,6.093750000000000000e-01,2.000000000000000096e-04,2.749999999999999840e-03
5.390625000000000000e-01,5.781250000000000000e-01,6.675000000000000377e-03,1.474999999999999966e-03
5.234375000000000000e-01,6.562500000000000000e-01,2.099999999999999870e-03,5.500000000000000331e-04
5.078125000000000000e-01,6.484375000000000000e-01,1.449999999999999900e-03,1.525000000000000097e-03
5.000000000000000000e-01,6.484375000000000000e-01,1.899999999999999996e-03,2.949999999999999931e-03
4.843750000000000000e-01,6.406250000000000000e-01,2.125000000000000153e-03,5.725000000000000054e-03
6.015625000000000000e-01,7.734375000000000000e-01,2.750000000000000166e-04,8.675000000000000419e-03
5.078125000000000000e-01,5.781250000000000000e-01,7.875000000000000056e-03,1.350000000000000071e-03
5.000000000000000000e-01,6.328125000000000000e-01,1.825000000000000016e-03,2.500000000000000052e-03
4.843750000000000000e-01,5.859375000000000000e-01,1.899999999999999996e-03,1.975000000000000193e-03
4.687500000000000000e-01,6.250000000000000000e-01,2.449999999999999921e-03,1.149999999999999981e-03
5.312500000000000000e-01,6.796875000000000000e-01,1.600000000000000077e-03,9.599999999999999159e-03
4.609375000000000000e-01,6.328125000000000000e-01,2.500000000000000120e-05,1.949999999999999910e-03
4.687500000000000000e-01,5.468750000000000000e-01,1.750000000000000036e-03,1.975000000000000193e-03
4.843750000000000000e-01,6.171875000000000000e-01,2.075000000000000022e-03,6.250000000000000347e-03
4.140625000000000000e-01,6.640625000000000000e-01,3.799999999999999992e-03,1.325000000000000006e-03
4.687500000000000000e-01,5.859375000000000000e-01,2.125000000000000153e-03,1.250000000000000026e-03
4.609375000000000000e-01,5.390625000000000000e-01,2.000000000000000042e-03,7.500000000000000156e-04
4.453125000000000000e-01,6.093750000000000000e-01,1.649999999999999991e-03,1.624999999999999925e-03
3.671875000000000000e-01,6.796875000000000000e-01,1.850000000000000082e-03,1.250000000000000026e-03
4.375000000000000000e-01,6.328125000000000000e-01,5.000000000000000240e-05,1.250000000000000026e-03
4.453125000000000000e-01,6.093750000000000000e-01,2.099999999999999870e-03,1.449999999999999900e-03
4.609375000000000000e-01,5.937500000000000000e-01,2.000000000000000042e-03,4.700000000000000185e-03
3.906250000000000000e-01,7.031250000000000000e-01,3.650000000000000033e-03,8.249999999999999955e-04
4.453125000000000000e-01,6.093750000000000000e-01,1.775000000000000102e-03,2.125000000000000153e-03
4.375000000000000000e-01,5.859375000000000000e-01,1.975000000000000193e-03,1.775000000000000102e-03
4.218750000000000000e-01,6.640625000000000000e-01,1.850000000000000082e-03,1.425000000000000051e-03
4.062500000000000000e-01,6.875000000000000000e-01,2.000000000000000042e-03,1.122500000000000060e-02
3.437500000000000000e-01,5.937500000000000000e-01,1.250000000000000026e-04,7.500000000000000156e-04
5.781250000000000000e-01,7.812500000000000000e-01,7.425000000000000176e-03,9.499999999999999981e-04
3.671875000000000000e-01,5.078125000000000000e-01,2.249999999999999938e-04,1.175000000000000046e-03
4.218750000000000000e-01,5.312500000000000000e-01,4.150000000000000043e-03,2.299999999999999961e-03
4.375000000000000000e-01,5.156250000000000000e-01,1.724999999999999971e-03,1.374999999999999920e-03
4.062500000000000000e-01,4.375000000000000000e-01,1.624999999999999925e-03,1.327500000000000034e-02
4.453125000000000000e-01,5.781250000000000000e-01,0.000000000000000000e+00,1.750000000000000036e-03
5.546875000000000000e-01,7.500000000000000000e-01,0.000000000000000000e+00,1.275000000000000092e-03
4.375000000000000000e-01,5.703125000000000000e-01,1.925000000000000062e-03,1.899999999999999996e-03
4.453125000000000000e-01,6.250000000000000000e-01,2.099999999999999870e-03,1.775000000000000102e-03
4.375000000000000000e-01,5.625000000000000000e-01,1.874999999999999931e-03,1.899999999999999996e-03
5.937500000000000000e-01,7.656250000000000000e-01,2.200000000000000133e-03,9.749999999999999552e-04
4.453125000000000000e-01,5.937500000000000000e-01,1.499999999999999869e-04,1.850000000000000082e-03
4.375000000000000000e-01,5.625000000000000000e-01,2.024999999999999890e-03,1.525000000000000097e-03
4.218750000000000000e-01,5.000000000000000000e-01,2.000000000000000042e-03,1.925000000000000062e-03
4.375000000000000000e-01,5.937500000000000000e-01,1.724999999999999971e-03,1.224999999999999960e-03
4.453125000000000000e-01,7.421875000000000000e-01,2.125000000000000153e-03,8.099999999999999561e-03
5.625000000000000000e-01,7.187500000000000000e-01,0.000000000000000000e+00,1.199999999999999895e-03
3.515625000000000000e-01,6.406250000000000000e-01,2.249999999999999938e-04,4.150000000000000043e-03
5.390625000000000000e-01,7.265625000000000000e-01,7.849999999999999339e-03,1.049999999999999935e-03
4.453125000000000000e-01,6.718750000000000000e-01,1.949999999999999910e-03,1.899999999999999996e-03
4.609375000000000000e-01,6.406250000000000000e-01,1.874999999999999931e-03,2.024999999999999890e-03
4.687500000000000000e-01,6.953125000000000000e-01,1.750000000000000036e-03,1.775000000000000102e-03
5.156250000000000000e-01,7.578125000000000000e-01,2.200000000000000133e-03,1.500000000000000031e-03
4.843750000000000000e-01,6.953125000000000000e-01,5.000000000000000240e-05,6.575000000000000115e-03
4.218750000000000000e-01,5.703125000000000000e-01,8.125000000000000278e-03,1.675000000000000057e-03
5.781250000000000000e-01,7.578125000000000000e-01,2.500000000000000120e-05,9.499999999999999981e-04
4.687500000000000000e-01,6.171875000000000000e-01,2.099999999999999870e-03,1.500000000000000031e-03
4.609375000000000000e-01,6.484375000000000000e-01,1.825000000000000016e-03,3.050000000000000194e-03
4.453125000000000000e-01,6.093750000000000000e-01,1.975000000000000193e-03,2.275000000000000112e-03
5.546875000000000000e-01,7.265625000000000000e-01,2.000000000000000042e-03,1.149999999999999981e-03
4.296875000000000000e-01,7.031250000000000000e-01,5.000000000000000240e-05,5.449999999999999983e-03
5.234375000000000000e-01,6.250000000000000000e-01,7.849999999999999339e-03,1.075000000000000001e-03
4.296875000000000000e-01,5.156250000000000000e-01,1.724999999999999971e-03,1.775000000000000102e-03
4.453125000000000000e-01,5.546875000000000000e-01,1.649999999999999991e-03,1.899999999999999996e-03
4.609375000000000000e-01,5.859375000000000000e-01,1.975000000000000193e-03,1.799999999999999951e-03
5.000000000000000000e-01,6.718750000000000000e-01,1.750000000000000036e-03,1.075000000000000001e-03
4.687500000000000000e-01,6.718750000000000000e-01,2.750000000000000166e-04,7.150000000000000105e-03
5.625000000000000000e-01,6.484375000000000000e-01,7.825000000000000358e-03,8.999999999999999754e-04
4.062500000000000000e-01,4.140625000000000000e-01,4.749999999999999990e-04,1.925000000000000062e-03
4.531250000000000000e-01,5.078125000000000000e-01,1.575000000000000011e-03,1.549999999999999946e-03
4.453125000000000000e-01,5.390625000000000000e-01,2.075000000000000022e-03,1.449999999999999900e-03
4.296875000000000000e-01,4.765625000000000000e-01,1.775000000000000102e-03,2.299999999999999961e-03
5.390625000000000000e-01,6.328125000000000000e-01,1.549999999999999946e-03,8.899999999999999925e-03
4.140625000000000000e-01,4.609375000000000000e-01,9.499999999999999981e-04,6.875000000000000035e-03
5.078125000000000000e-01,5.703125000000000000e-01,2.824999999999999820e-03,5.024999999999999953e-03
4.296875000000000000e-01,4.609375000000000000e-01,4.275000000000000154e-03,7.624999999999999833e-03
5.546875000000000000e-01,6.015625000000000000e-01,7.499999999999999343e-05,7.224999999999999652e-03
5.078125000000000000e-01,5.625000000000000000e-01,3.575000000000000053e-03,2.650000000000000012e-03
5.625000000000000000e-01,5.703125000000000000e-01,3.700000000000000164e-03,1.417500000000000010e-02
4.453125000000000000e-01,4.609375000000000000e-01,2.000000000000000096e-04,7.499999999999999722e-03
5.000000000000000000e-01,5.546875000000000000e-01,1.925000000000000062e-03,1.649999999999999991e-03
5.078125000000000000e-01,5.312500000000000000e-01,1.799999999999999951e-03,1.675000000000000057e-03
5.234375000000000000e-01,5.546875000000000000e-01,1.775000000000000102e-03,1.549999999999999946e-03
5.390625000000000000e-01,5.078125000000000000e-01,2.024999999999999890e-03,2.174999999999999850e-03
4.296875000000000000e-01,5.234375000000000000e-01,1.749999999999999982e-04,4.300000000000000003e-03
5.234375000000000000e-01,5.546875000000000000e-01,1.724999999999999971e-03,1.350000000000000071e-03
5.078125000000000000e-01,5.625000000000000000e-01,1.975000000000000193e-03,8.000000000000000383e-04
5.000000000000000000e-01,5.859375000000000000e-01,1.825000000000000016e-03,6.750000000000000357e-04
4.843750000000000000e-01,5.859375000000000000e-01,1.850000000000000082e-03,1.349999999999999985e-02
4.140625000000000000e-01,5.703125000000000000e-01,1.250000000000000026e-04,6.675000000000000377e-03
5.625000000000000000e-01,5.625000000000000000e-01,1.750000000000000036e-03,2.125000000000000153e-03
5.781250000000000000e-01,5.781250000000000000e-01,1.949999999999999910e-03,1.275000000000000092e-03
5.937500000000000000e-01,6.015625000000000000e-01,1.600000000000000077e-03,1.850000000000000082e-03
3.906250000000000000e-01,5.312500000000000000e-01,1.899999999999999996e-03,1.077499999999999986e-02
6.015625000000000000e-01,6.250000000000000000e-01,2.000000000000000096e-04,2.024999999999999890e-03
5.937500000000000000e-01,5.859375000000000000e-01,1.975000000000000193e-03,1.549999999999999946e-03
5.781250000000000000e-01,5.078125000000000000e-01,1.649999999999999991e-03,1.350000000000000071e-03
5.625000000000000000e-01,4.843750000000000000e-01,1.750000000000000036e-03,6.750000000000000357e-04
5.546875000000000000e-01,6.250000000000000000e-01,2.150000000000000001e-03,6.649999999999999661e-03
4.296875000000000000e-01,5.078125000000000000e-01,2.000000000000000096e-04,4.899999999999999842e-03
4.843750000000000000e-01,5.546875000000000000e-01,1.799999999999999951e-03,1.899999999999999996e-03
5.000000000000000000e-01,5.625000000000000000e-01,1.925000000000000062e-03,1.549999999999999946e-03
5.078125000000000000e-01,5.703125000000000000e-01,1.549999999999999946e-03,1.624999999999999925e-03
4.140625000000000000e-01,7.421875000000000000e-01,1.675000000000000057e-03,1.675000000000000057e-03
5.234375000000000000e-01,5.312500000000000000e-01,2.999999999999999737e-04,2.575000000000000032e-03
5.546875000000000000e-01,1.875000000000000000e-01,0.000000000000000000e+00,6.550000000000000266e-03
5.078125000000000000e-01,5.859375000000000000e-01,1.600000000000000077e-03,1.799999999999999951e-03
5.000000000000000000e-01,5.625000000000000000e-01,2.125000000000000153e-03,8.750000000000000182e-04
4.843750000000000000e-01,6.015625000000000000e-01,1.799999999999999951e-03,9.250000000000000409e-04
4.062500000000000000e-01,7.343750000000000000e-01,1.874999999999999931e-03,1.437500000000000062e-02
4.687500000000000000e-01,7.343750000000000000e-01,1.000000000000000048e-04,9.074999999999999734e-03
4.296875000000000000e-01,6.093750000000000000e-01,8.024999999999999148e-03,1.049999999999999935e-03
6.562500000000000000e-01,6.484375000000000000e-01,1.499999999999999869e-04,2.275000000000000112e-03
6.484375000000000000e-01,6.171875000000000000e-01,2.000000000000000042e-03,1.975000000000000193e-03
4.687500000000000000e-01,3.359375000000000000e-01,1.449999999999999900e-03,2.050000000000000173e-03
6.328125000000000000e-01,5.625000000000000000e-01,2.500000000000000052e-04,1.649999999999999991e-03
6.171875000000000000e-01,5.625000000000000000e-01,2.050000000000000173e-03,1.025000000000000086e-03
6.015625000000000000e-01,6.796875000000000000e-01,1.549999999999999946e-03,1.049999999999999935e-03
4.453125000000000000e-01,7.343750000000000000e-01,1.250000000000000026e-04,9.825000000000000400e-03
4.687500000000000000e-01,6.250000000000000000e-01,5.000000000000000104e-04,6.250000000000000130e-04
5.078125000000000000e-01,6.171875000000000000e-01,7.700000000000000247e-03,1.199999999999999895e-03
6.328125000000000000e-01,5.703125000000000000e-01,7.499999999999999343e-05,2.674999999999999861e-03
6.171875000000000000e-01,5.859375000000000000e-01,2.050000000000000173e-03,2.249999999999999830e-03
6.015625000000000000e-01,6.171875000000000000e-01,1.699999999999999905e-03,1.724999999999999971e-03
5.937500000000000000e-01,4.921875000000000000e-01,1.874999999999999931e-03,1.250000000000000026e-03
5.781250000000000000e-01,7.031250000000000000e-01,1.425000000000000051e-03,1.949999999999999910e-03
3.671875000000000000e-01,7.500000000000000000e-01,1.000000000000000048e-04,1.020000000000000073e-02
5.937500000000000000e-01,6.640625000000000000e-01,1.799999999999999951e-03,1.624999999999999925e-03
6.015625000000000000e-01,1.796875000000000000e-01,2.224999999999999981e-03,6.525000000000000418e-03
5.390625000000000000e-01,7.265625000000000000e-01,3.850000000000000124e-03,2.174999999999999850e-03
5.937500000000000000e-01,6.171875000000000000e-01,1.949999999999999910e-03,2.674999999999999861e-03
5.781250000000000000e-01,5.937500000000000000e-01,1.899999999999999996e-03,1.675000000000000057e-03
5.625000000000000000e-01,6.250000000000000000e-01,1.825000000000000016e-03,1.449999999999999900e-03
4.843750000000000000e-01,6.875000000000000000e-01,1.874999999999999931e-03,8.999999999999999754e-04
5.546875000000000000e-01,6.328125000000000000e-01,1.000000000000000048e-04,9.250000000000000409e-04
5.625000000000000000e-01,6.562500000000000000e-01,1.775000000000000102e-03,1.449999999999999900e-03
5.781250000000000000e-01,6.484375000000000000e-01,2.174999999999999850e-03,5.799999999999999600e-03
5.078125000000000000e-01,6.562500000000000000e-01,3.575000000000000053e-03,1.275000000000000092e-03
5.625000000000000000e-01,6.250000000000000000e-01,2.200000000000000133e-03,2.174999999999999850e-03
5.546875000000000000e-01,5.937500000000000000e-01,1.575000000000000011e-03,1.949999999999999910e-03
5.390625000000000000e-01,6.171875000000000000e-01,2.075000000000000022e-03,1.449999999999999900e-03
4.609375000000000000e-01,7.578125000000000000e-01,1.775000000000000102e-03,1.149999999999999981e-03
5.234375000000000000e-01,6.562500000000000000e-01,7.499999999999999343e-05,9.124999999999999431e-03
4.843750000000000000e-01,6.796875000000000000e-01,7.700000000000000247e-03,3.099999999999999891e-03
4.140625000000000000e-01,7.187500000000000000e-01,1.000000000000000048e-04,1.025000000000000086e-03
5.390625000000000000e-01,5.937500000000000000e-01,4.525000000000000376e-03,1.275000000000000092e-03
5.546875000000000000e-01,5.781250000000000000e-01,1.675000000000000057e-03,1.649999999999999991e-03
3.906250000000000000e-01,7.031250000000000000e-01,1.600000000000000077e-03,1.124999999999999915e-03
5.625000000000000000e-01,6.484375000000000000e-01,2.500000000000000052e-04,1.549999999999999946e-03
5.078125000000000000e-01,5.937500000000000000e-01,2.500000000000000052e-04,1.275000000000000092e-03
5.546875000000000000e-01,5.703125000000000000e-01,1.500000000000000031e-03,1.699999999999999905e-03
5.625000000000000000e-01,6.171875000000000000e-01,2.125000000000000153e-03,1.600000000000000077e-03
5.546875000000000000e-01,5.234375000000000000e-01,1.925000000000000062e-03,1.575000000000000011e-03
4.296875000000000000e-01,6.953125000000000000e-01,1.899999999999999996e-03,8.999999999999999754e-04
5.625000000000000000e-01,6.171875000000000000e-01,2.500000000000000120e-05,2.125000000000000153e-03
4.843750000000000000e-01,5.078125000000000000e-01,2.999999999999999737e-04,8.249999999999999955e-04
5.546875000000000000e-01,5.781250000000000000e-01,1.750000000000000036e-03,1.049999999999999935e-03
5.390625000000000000e-01,6.171875000000000000e-01,1.825000000000000016e-03,1.525000000000000097e-03
5.546875000000000000e-01,5.468750000000000000e-01,2.275000000000000112e-03,1.124999999999999915e-03
4.062500000000000000e-01,6.093750000000000000e-01,1.600000000000000077e-03,1.050000000000000065e-02
5.625000000000000000e-01,7.500000000000000000e-01,0.000000000000000000e+00,8.675000000000000419e-03
5.234375000000000000e-01,6.328125000000000000e-01,1.749999999999999982e-04,2.350000000000000092e-03
4.687500000000000000e-01,7.500000000000000000e-01,7.749999999999999944e-03,1.374999999999999920e-03
4.062500000000000000e-01,5.937500000000000000e-01,4.700000000000000185e-03,2.200000000000000133e-03
4.218750000000000000e-01,6.171875000000000000e-01,1.675000000000000057e-03,1.850000000000000082e-03
4.453125000000000000e-01,7.265625000000000000e-01,1.374999999999999920e-03,1.250000000000000026e-03
4.296875000000000000e-01,6.406250000000000000e-01,5.749999999999999903e-04,1.624999999999999925e-03
4.218750000000000000e-01,5.703125000000000000e-01,2.099999999999999870e-03,1.425000000000000051e-03
4.296875000000000000e-01,6.328125000000000000e-01,1.474999999999999966e-03,1.949999999999999910e-03
4.218750000000000000e-01,5.546875000000000000e-01,2.224999999999999981e-03,1.449999999999999900e-03
4.843750000000000000e-01,7.187500000000000000e-01,1.325000000000000006e-03,1.175000000000000046e-03
4.296875000000000000e-01,6.093750000000000000e-01,1.749999999999999982e-04,1.874999999999999931e-03
4.218750000000000000e-01,5.625000000000000000e-01,1.724999999999999971e-03,2.024999999999999890e-03
4.062500000000000000e-01,5.390625000000000000e-01,2.249999999999999830e-03,1.850000000000000082e-03
4.218750000000000000e-01,4.531250000000000000e-01,1.675000000000000057e-03,2.024999999999999890e-03
4.609375000000000000e-01,7.265625000000000000e-01,1.575000000000000011e-03,7.125000000000000257e-03
4.296875000000000000e-01,5.781250000000000000e-01,5.249999999999999676e-04,6.850000000000000186e-03
4.062500000000000000e-01,5.390625000000000000e-01,6.975000000000000297e-03,1.124999999999999915e-03
5.234375000000000000e-01,7.187500000000000000e-01,2.999999999999999737e-04,1.374999999999999920e-03
4.609375000000000000e-01,5.781250000000000000e-01,4.024999999999999932e-03,2.050000000000000173e-03
4.765625000000000000e-01,5.468750000000000000e-01,2.075000000000000022e-03,1.724999999999999971e-03
4.453125000000000000e-01,3.828125000000000000e-01,1.224999999999999960e-03,1.382500000000000048e-02
5.000000000000000000e-01,7.031250000000000000e-01,4.000000000000000192e-04,1.100000000000000066e-03
4.843750000000000000e-01,5.703125000000000000e-01,4.249999999999999763e-04,1.899999999999999996e-03
4.765625000000000000e-01,5.625000000000000000e-01,2.000000000000000042e-03,1.850000000000000082e-03
4.843750000000000000e-01,5.937500000000000000e-01,2.050000000000000173e-03,1.850000000000000082e-03
4.765625000000000000e-01,5.546875000000000000e-01,1.850000000000000082e-03,1.899999999999999996e-03
5.390625000000000000e-01,7.343750000000000000e-01,1.399999999999999986e-03,8.000000000000000383e-04
4.843750000000000000e-01,5.937500000000000000e-01,7.749999999999999728e-04,1.600000000000000077e-03
4.765625000000000000e-01,5.312500000000000000e-01,1.474999999999999966e-03,1.649999999999999991e-03
4.609375000000000000e-01,5.390625000000000000e-01,1.850000000000000082e-03,2.399999999999999790e-03
4.765625000000000000e-01,5.078125000000000000e-01,1.899999999999999996e-03,1.374999999999999920e-03
5.156250000000000000e-01,7.265625000000000000e-01,1.500000000000000031e-03,8.725000000000000117e-03
4.843750000000000000e-01,6.484375000000000000e-01,7.499999999999999343e-05,7.100000000000000408e-03
3.906250000000000000e-01,6.328125000000000000e-01,7.599999999999999985e-03,1.775000000000000102e-03
5.156250000000000000e-01,5.546875000000000000e-01,4.049999999999999781e-03,1.449999999999999900e-03
5.312500000000000000e-01,5.859375000000000000e-01,1.575000000000000011e-03,1.425000000000000051e-03
5.390625000000000000e-01,5.781250000000000000e-01,1.874999999999999931e-03,1.449999999999999900e-03
3.671875000000000000e-01,6.250000000000000000e-01,5.000000000000000240e-05,1.575000000000000011e-03
5.312500000000000000e-01,5.859375000000000000e-01,2.000000000000000042e-03,1.325000000000000006e-03
5.390625000000000000e-01,5.859375000000000000e-01,1.750000000000000036e-03,1.600000000000000077e-03
5.312500000000000000e-01,5.078125000000000000e-01,2.024999999999999890e-03,1.124999999999999915e-03
5.390625000000000000e-01,5.078125000000000000e-01,1.624999999999999925e-03,1.474999999999999966e-03
4.062500000000000000e-01,6.484375000000000000e-01,2.500000000000000120e-05,1.549999999999999946e-03
5.312500000000000000e-01,5.859375000000000000e-01,1.624999999999999925e-03,1.425000000000000051e-03
5.156250000000000000e-01,5.625000000000000000e-01,1.949999999999999910e-03,9.499999999999999981e-04
5.312500000000000000e-01,5.703125000000000000e-01,1.649999999999999991e-03,1.500000000000000031e-03
5.390625000000000000e-01,6.718750000000000000e-01,1.850000000000000082e-03,4.074999999999999629e-03
3.750000000000000000e-01,6.562500000000000000e-01,1.000000000000000048e-04,1.325000000000000006e-03
5.546875000000000000e-01,5.625000000000000000e-01,4.024999999999999932e-03,1.649999999999999991e-03
5.625000000000000000e-01,6.171875000000000000e-01,1.675000000000000057e-03,9.499999999999999981e-04
5.781250000000000000e-01,6.171875000000000000e-01,2.050000000000000173e-03,1.575000000000000011e-03
3.515625000000000000e-01,6.093750000000000000e-01,2.249999999999999938e-04,9.749999999999999552e-04
5.937500000000000000e-01,6.406250000000000000e-01,1.350000000000000071e-03,1.775000000000000102e-03
6.093750000000000000e-01,6.328125000000000000e-01,1.675000000000000057e-03,1.899999999999999996e-03
6.250000000000000000e-01,6.328125000000000000e-01,1.799999999999999951e-03,2.500000000000000052e-03
6.328125000000000000e-01,7.187500000000000000e-01,2.125000000000000153e-03,1.209999999999999964e-02
3.281250000000000000e-01,6.875000000000000000e-01,2.750000000000000166e-04,1.775000000000000102e-03
5.625000000000000000e-01,5.703125000000000000e-01,4.375000000000000416e-03,2.299999999999999961e-03
5.546875000000000000e-01,5.156250000000000000e-01,3.700000000000000164e-03,1.750000000000000036e-03
3.984375000000000000e-01,6.171875000000000000e-01,1.499999999999999869e-04,1.425000000000000051e-03
6.093750000000000000e-01,6.406250000000000000e-01,3.449999999999999942e-03,2.399999999999999790e-03
6.171875000000000000e-01,7.109375000000000000e-01,3.874999999999999972e-03,8.899999999999999925e-03
3.125000000000000000e-01,6.484375000000000000e-01,7.499999999999999343e-05,2.399999999999999790e-03
5.546875000000000000e-01,5.937500000000000000e-01,4.474999999999999811e-03,2.150000000000000001e-03
5.937500000000000000e-01,6.406250000000000000e-01,3.850000000000000124e-03,1.750000000000000036e-03
5.781250000000000000e-01,6.718750000000000000e-01,1.750000000000000036e-03,8.499999999999999526e-04
5.625000000000000000e-01,6.796875000000000000e-01,1.799999999999999951e-03,1.049999999999999935e-03
5.546875000000000000e-01,6.328125000000000000e-01,1.649999999999999991e-03,2.500000000000000052e-03
6.562500000000000000e-01,7.734375000000000000e-01,1.925000000000000062e-03,9.974999999999999492e-03
5.390625000000000000e-01,7.031250000000000000e-01,2.000000000000000096e-04,3.599999999999999901e-03
5.625000000000000000e-01,5.937500000000000000e-01,8.300000000000000086e-03,1.175000000000000046e-03
5.546875000000000000e-01,5.937500000000000000e-01,1.624999999999999925e-03,2.775000000000000123e-03
5.390625000000000000e-01,5.859375000000000000e-01,1.850000000000000082e-03,1.874999999999999931e-03
5.234375000000000000e-01,5.781250000000000000e-01,2.200000000000000133e-03,1.624999999999999925e-03
5.156250000000000000e-01,6.953125000000000000e-01,1.474999999999999966e-03,1.275000000000000092e-03
5.859375000000000000e-01,6.796875000000000000e-01,2.500000000000000120e-05,9.924999999999999795e-03
5.703125000000000000e-01,3.828125000000000000e-01,8.000000000000000383e-04,6.999999999999999929e-04
5.234375000000000000e-01,6.250000000000000000e-01,1.299999999999999940e-03,2.000000000000000042e-03
5.390625000000000000e-01,6.562500000000000000e-01,2.000000000000000042e-03,5.799999999999999600e-03
4.687500000000000000e-01,6.718750000000000000e-01,3.899999999999999821e-03,1.399999999999999986e-03
5.234375000000000000e-01,6.093750000000000000e-01,1.925000000000000062e-03,1.575000000000000011e-03
5.156250000000000000e-01,6.093750000000000000e-01,1.899999999999999996e-03,5.749999999999999903e-04
5.000000000000000000e-01,5.859375000000000000e-01,1.874999999999999931e-03,1.699999999999999905e-03
4.921875000000000000e-01,6.250000000000000000e-01,1.600000000000000077e-03,1.850000000000000082e-03
4.218750000000000000e-01,6.562500000000000000e-01,5.000000000000000240e-05,1.250000000000000026e-03
5.000000000000000000e-01,6.328125000000000000e-01,1.825000000000000016e-03,2.174999999999999850e-03
5.156250000000000000e-01,6.484375000000000000e-01,2.099999999999999870e-03,4.825000000000000296e-03
4.453125000000000000e-01,6.718750000000000000e-01,3.599999999999999901e-03,1.250000000000000026e-03
5.000000000000000000e-01,5.937500000000000000e-01,1.825000000000000016e-03,2.249999999999999830e-03
4.921875000000000000e-01,6.093750000000000000e-01,1.975000000000000193e-03,1.850000000000000082e-03
4.765625000000000000e-01,6.250000000000000000e-01,2.024999999999999890e-03,1.949999999999999910e-03
4.609375000000000000e-01,7.031250000000000000e-01,1.874999999999999931e-03,1.152500000000000052e-02
3.984375000000000000e-01,5.937500000000000000e-01,1.499999999999999869e-04,8.999999999999999754e-04
4.218750000000000000e-01,4.921875000000000000e-01,7.849999999999999339e-03,1.075000000000000001e-03
6.171875000000000000e-01,6.562500000000000000e-01,7.499999999999999343e-05,1.149999999999999981e-03
6.328125000000000000e-01,6.328125000000000000e-01,0.000000000000000000e+00,1.149999999999999981e-03
4.765625000000000000e-01,4.843750000000000000e-01,4.000000000000000083e-03,2.425000000000000072e-03
4.921875000000000000e-01,5.234375000000000000e-01,1.874999999999999931e-03,1.675000000000000057e-03
4.609375000000000000e-01,4.609375000000000000e-01,1.675000000000000057e-03,1.037500000000000054e-02
6.093750000000000000e-01,7.343750000000000000e-01,3.249999999999999851e-04,1.175000000000000046e-03
5.000000000000000000e-01,5.859375000000000000e-01,1.000000000000000048e-04,1.799999999999999951e-03
4.921875000000000000e-01,5.546875000000000000e-01,2.050000000000000173e-03,1.724999999999999971e-03
5.000000000000000000e-01,6.093750000000000000e-01,2.024999999999999890e-03,1.699999999999999905e-03
4.921875000000000000e-01,5.156250000000000000e-01,1.775000000000000102e-03,1.600000000000000077e-03
6.484375000000000000e-01,7.656250000000000000e-01,1.899999999999999996e-03,1.075000000000000001e-03
5.000000000000000000e-01,5.703125000000000000e-01,2.500000000000000052e-04,1.525000000000000097e-03
4.921875000000000000e-01,5.625000000000000000e-01,1.575000000000000011e-03,1.549999999999999946e-03
4.765625000000000000e-01,5.234375000000000000e-01,1.724999999999999971e-03,2.050000000000000173e-03
4.921875000000000000e-01,5.937500000000000000e-01,1.925000000000000062e-03,1.199999999999999895e-03
6.171875000000000000e-01,7.421875000000000000e-01,2.275000000000000112e-03,1.525000000000000097e-03
4.062500000000000000e-01,6.796875000000000000e-01,1.250000000000000026e-04,2.775000000000000123e-03
5.000000000000000000e-01,7.031250000000000000e-01,0.000000000000000000e+00,1.825000000000000016e-03
5.937500000000000000e-01,7.187500000000000000e-01,7.875000000000000056e-03,1.224999999999999960e-03
3.125000000000000000e-01,6.015625000000000000e-01,1.899999999999999996e-03,1.399999999999999986e-03
3.203125000000000000e-01,2.812500000000000000e-01,6.750000000000000357e-04,8.000000000000000383e-04
3.203125000000000000e-01,1.875000000000000000e-01,8.000000000000000383e-04,2.125000000000000153e-03
3.359375000000000000e-01,6.406250000000000000e-01,2.099999999999999870e-03,1.575000000000000011e-03
3.515625000000000000e-01,6.875000000000000000e-01,1.874999999999999931e-03,6.875000000000000035e-03
5.703125000000000000e-01,7.265625000000000000e-01,4.249999999999999763e-04,1.350000000000000071e-03
6.328125000000000000e-01,6.875000000000000000e-01,7.700000000000000247e-03,1.100000000000000066e-03
3.359375000000000000e-01,6.093750000000000000e-01,1.874999999999999931e-03,1.675000000000000057e-03
3.203125000000000000e-01,6.250000000000000000e-01,1.724999999999999971e-03,2.650000000000000012e-03
3.125000000000000000e-01,5.937500000000000000e-01,1.825000000000000016e-03,2.249999999999999830e-03
2.968750000000000000e-01,6.718750000000000000e-01,2.200000000000000133e-03,2.275000000000000112e-03
6.015625000000000000e-01,7.421875000000000000e-01,1.499999999999999869e-04,1.699999999999999905e-03
4.843750000000000000e-01,7.187500000000000000e-01,8.099999999999999561e-03,1.049999999999999935e-03
5.781250000000000000e-01,6.015625000000000000e-01,1.850000000000000082e-03,1.949999999999999910e-03
5.937500000000000000e-01,6.171875000000000000e-01,1.899999999999999996e-03,1.675000000000000057e-03
6.015625000000000000e-01,6.250000000000000000e-01,1.874999999999999931e-03,2.050000000000000173e-03
4.609375000000000000e-01,6.796875000000000000e-01,2.324999999999999810e-03,1.675000000000000057e-03
6.171875000000000000e-01,6.796875000000000000e-01,5.000000000000000240e-05,1.474999999999999966e-03
5.234375000000000000e-01,6.328125000000000000e-01,7.924999999999999753e-03,1.724999999999999971e-03
6.015625000000000000e-01,6.171875000000000000e-01,1.449999999999999900e-03,1.799999999999999951e-03
5.937500000000000000e-01,6.093750000000000000e-01,2.050000000000000173e-03,1.575000000000000011e-03
5.781250000000000000e-01,6.484375000000000000e-01,2.150000000000000001e-03,1.350000000000000071e-03
5.625000000000000000e-01,6.640625000000000000e-01,2.050000000000000173e-03,1.199999999999999895e-03
5.000000000000000000e-01,6.875000000000000000e-01,1.250000000000000026e-04,1.100000000000000066e-03
4.453125000000000000e-01,6.953125000000000000e-01,7.599999999999999985e-03,1.575000000000000011e-03
5.937500000000000000e-01,5.859375000000000000e-01,1.899999999999999996e-03,1.775000000000000102e-03
6.015625000000000000e-01,6.171875000000000000e-01,1.624999999999999925e-03,1.899999999999999996e-03
6.171875000000000000e-01,6.171875000000000000e-01,1.825000000000000016e-03,2.299999999999999961e-03
6.328125000000000000e-01,5.937500000000000000e-01,2.075000000000000022e-03,2.150000000000000001e-03
4.140625000000000000e-01,7.421875000000000000e-01,2.000000000000000096e-04,1.724999999999999971e-03
6.406250000000000000e-01,6.093750000000000000e-01,2.249999999999999830e-03,1.275000000000000092e-03
6.328125000000000000e-01,5.859375000000000000e-01,1.825000000000000016e-03,1.949999999999999910e-03
6.171875000000000000e-01,5.859375000000000000e-01,1.874999999999999931e-03,1.949999999999999910e-03
6.015625000000000000e-01,6.562500000000000000e-01,1.925000000000000062e-03,1.500000000000000031e-03
4.843750000000000000e-01,6.015625000000000000e-01,3.249999999999999851e-04,1.649999999999999991e-03
5.937500000000000000e-01,6.406250000000000000e-01,1.500000000000000031e-03,1.149999999999999981e-03
5.781250000000000000e-01,6.250000000000000000e-01,1.874999999999999931e-03,1.949999999999999910e-03
5.625000000000000000e-01,6.640625000000000000e-01,2.024999999999999890e-03,1.374999999999999920e-03
5.546875000000000000e-01,6.406250000000000000e-01,1.699999999999999905e-03,1.100000000000000066e-03
4.375000000000000000e-01,5.937500000000000000e-01,2.750000000000000166e-04,1.724999999999999971e-03
5.625000000000000000e-01,6.250000000000000000e-01,1.775000000000000102e-03,2.449999999999999921e-03
5.546875000000000000e-01,5.859375000000000000e-01,1.675000000000000057e-03,2.425000000000000072e-03
5.390625000000000000e-01,6.093750000000000000e-01,2.024999999999999890e-03,1.850000000000000082e-03
4.062500000000000000e-01,5.546875000000000000e-01,1.600000000000000077e-03,1.075000000000000001e-03
5.312500000000000000e-01,6.250000000000000000e-01,4.000000000000000192e-04,1.299999999999999940e-03
5.156250000000000000e-01,5.625000000000000000e-01,1.874999999999999931e-03,8.000000000000000383e-04
5.000000000000000000e-01,5.625000000000000000e-01,1.799999999999999951e-03,1.724999999999999971e-03
4.843750000000000000e-01,5.468750000000000000e-01,2.000000000000000042e-03,1.350000000000000071e-03
4.453125000000000000e-01,5.781250000000000000e-01,1.474999999999999966e-03,1.450000000000000074e-02
4.687500000000000000e-01,6.484375000000000000e-01,2.249999999999999938e-04,7.500000000000000156e-04
5.000000000000000000e-01,5.156250000000000000e-01,1.425000000000000051e-03,1.549999999999999946e-03
5.078125000000000000e-01,4.531250000000000000e-01,1.775000000000000102e-03,1.199999999999999895e-03
5.234375000000000000e-01,4.609375000000000000e-01,1.000000000000000048e-04,8.000000000000000383e-04
5.625000000000000000e-01,7.031250000000000000e-01,3.575000000000000053e-03,5.749999999999999903e-04
5.390625000000000000e-01,6.015625000000000000e-01,1.499999999999999869e-04,1.149999999999999981e-03
5.234375000000000000e-01,5.000000000000000000e-01,2.374999999999999941e-03,1.250000000000000026e-03
5.078125000000000000e-01,5.625000000000000000e-01,1.775000000000000102e-03,1.649999999999999991e-03
5.000000000000000000e-01,4.609375000000000000e-01,1.750000000000000036e-03,9.749999999999999552e-04
5.546875000000000000e-01,6.406250000000000000e-01,1.699999999999999905e-03,3.059999999999999873e-02
4.843750000000000000e-01,5.625000000000000000e-01,7.499999999999999343e-05,6.999999999999999929e-04
4.453125000000000000e-01,5.937500000000000000e-01,1.874999999999999931e-03,1.299999999999999940e-03
4.609375000000000000e-01,5.312500000000000000e-01,1.949999999999999910e-03,1.399999999999999986e-03
4.687500000000000000e-01,5.078125000000000000e-01,1.850000000000000082e-03,1.000000000000000021e-03
5.078125000000000000e-01,6.796875000000000000e-01,1.675000000000000057e-03,1.100000000000000066e-03
4.843750000000000000e-01,5.546875000000000000e-01,2.500000000000000120e-05,1.350000000000000071e-03
4.687500000000000000e-01,5.625000000000000000e-01,2.075000000000000022e-03,8.249999999999999955e-04
4.609375000000000000e-01,5.781250000000000000e-01,1.799999999999999951e-03,1.449999999999999900e-03
4.453125000000000000e-01,5.390625000000000000e-01,1.699999999999999905e-03,2.000000000000000042e-03
4.609375000000000000e-01,6.406250000000000000e-01,2.099999999999999870e-03,7.249999999999999500e-04
4.375000000000000000e-01,5.156250000000000000e-01,2.500000000000000120e-05,1.350000000000000071e-03
4.453125000000000000e-01,6.250000000000000000e-01,2.000000000000000042e-03,1.799999999999999951e-03
4.375000000000000000e-01,6.562500000000000000e-01,1.649999999999999991e-03,2.249999999999999830e-03
4.218750000000000000e-01,6.328125000000000000e-01,1.649999999999999991e-03,1.675000000000000057e-03
4.843750000000000000e-01,6.093750000000000000e-01,1.825000000000000016e-03,1.075000000000000001e-03
4.062500000000000000e-01,6.093750000000000000e-01,7.499999999999999343e-05,1.624999999999999925e-03
3.906250000000000000e-01,6.250000000000000000e-01,1.850000000000000082e-03,2.099999999999999870e-03
3.750000000000000000e-01,5.546875000000000000e-01,1.374999999999999920e-03,1.750000000000000036e-03
3.671875000000000000e-01,5.390625000000000000e-01,1.899999999999999996e-03,2.224999999999999981e-03
4.687500000000000000e-01,6.562500000000000000e-01,2.324999999999999810e-03,1.682499999999999968e-02
3.515625000000000000e-01,5.156250000000000000e-01,1.000000000000000048e-04,4.349999999999999700e-03
5.000000000000000000e-01,5.078125000000000000e-01,4.825000000000000296e-03,3.524999999999999922e-03
4.453125000000000000e-01,5.468750000000000000e-01,3.275000000000000133e-03,1.250000000000000026e-03
5.390625000000000000e-01,4.843750000000000000e-01,6.250000000000000130e-04,1.175000000000000046e-03
4.296875000000000000e-01,5.234375000000000000e-01,1.199999999999999895e-03,2.174999999999999850e-03
4.140625000000000000e-01,4.453125000000000000e-01,1.949999999999999910e-03,1.275000000000000092e-03
4.062500000000000000e-01,5.078125000000000000e-01,1.500000000000000031e-03,2.324999999999999810e-03
3.906250000000000000e-01,5.781250000000000000e-01,2.224999999999999981e-03,3.125000000000000173e-03
5.078125000000000000e-01,7.187500000000000000e-01,1.250000000000000026e-04,1.905000000000000096e-02
4.453125000000000000e-01,5.390625000000000000e-01,4.499999999999999660e-03,1.675000000000000057e-03
4.140625000000000000e-01,5.078125000000000000e-01,3.775000000000000144e-03,1.000000000000000021e-03
4.843750000000000000e-01,5.468750000000000000e-01,1.749999999999999982e-04,9.875000000000000097e-03
4.062500000000000000e-01,4.921875000000000000e-01,1.775000000000000102e-03,2.050000000000000173e-03
3.906250000000000000e-01,5.468750000000000000e-01,1.500000000000000031e-03,2.075000000000000022e-03
3.750000000000000000e-01,5.156250000000000000e-01,1.775000000000000102e-03,1.299999999999999940e-03
3.671875000000000000e-01,5.625000000000000000e-01,1.199999999999999895e-03,1.575000000000000011e-03
4.375000000000000000e-01,7.031250000000000000e-01,4.499999999999999877e-04,1.105000000000000079e-02
3.750000000000000000e-01,5.000000000000000000e-01,2.324999999999999810e-03,2.125000000000000153e-03
3.906250000000000000e-01,5.390625000000000000e-01,2.200000000000000133e-03,6.199999999999999782e-03
6.015625000000000000e-01,7.031250000000000000e-01,3.850000000000000124e-03,6.499999999999999702e-04
3.750000000000000000e-01,4.765625000000000000e-01,2.224999999999999981e-03,1.975000000000000193e-03
3.671875000000000000e-01,5.078125000000000000e-01,1.825000000000000016e-03,1.500000000000000031e-03
3.515625000000000000e-01,5.000000000000000000e-01,1.649999999999999991e-03,1.325000000000000006e-03
3.437500000000000000e-01,6.250000000000000000e-01,1.525000000000000097e-03,1.750000000000000036e-03
5.546875000000000000e-01,6.953125000000000000e-01,1.499999999999999869e-04,1.000000000000000021e-03
3.515625000000000000e-01,5.781250000000000000e-01,1.949999999999999910e-03,1.775000000000000102e-03
3.671875000000000000e-01,6.171875000000000000e-01,1.899999999999999996e-03,5.275000000000000175e-03
5.781250000000000000e-01,5.625000000000000000e-01,4.250000000000000305e-03,6.250000000000000130e-04
3.515625000000000000e-01,5.390625000000000000e-01,1.549999999999999946e-03,2.799999999999999972e-03
3.437500000000000000e-01,5.937500000000000000e-01,1.775000000000000102e-03,1.649999999999999991e-03
3.281250000000000000e-01,5.859375000000000000e-01,1.575000000000000011e-03,2.150000000000000001e-03
3.125000000000000000e-01,6.562500000000000000e-01,2.399999999999999790e-03,1.250000000000000069e-02
5.312500000000000000e-01,6.953125000000000000e-01,2.249999999999999938e-04,1.542499999999999948e-02
3.203125000000000000e-01,6.250000000000000000e-02,5.000000000000000104e-04,1.275000000000000092e-03
4.843750000000000000e-01,6.718750000000000000e-01,7.374999999999999611e-03,1.649999999999999991e-03
3.281250000000000000e-01,5.781250000000000000e-01,4.250000000000000305e-03,1.949999999999999910e-03
3.437500000000000000e-01,5.625000000000000000e-01,1.850000000000000082e-03,1.775000000000000102e-03
4.609375000000000000e-01,6.953125000000000000e-01,1.600000000000000077e-03,1.449999999999999900e-03
5.546875000000000000e-01,6.484375000000000000e-01,2.500000000000000120e-05,1.687500000000000111e-02
3.515625000000000000e-01,6.093750000000000000e-01,1.749999999999999982e-04,2.324999999999999810e-03
3.437500000000000000e-01,5.859375000000000000e-01,2.425000000000000072e-03,1.925000000000000062e-03
3.515625000000000000e-01,5.937500000000000000e-01,2.000000000000000042e-03,1.874999999999999931e-03
3.437500000000000000e-01,5.234375000000000000e-01,2.075000000000000022e-03,1.874999999999999931e-03
5.000000000000000000e-01,6.718750000000000000e-01,1.250000000000000026e-03,1.275000000000000092e-03
3.515625000000000000e-01,5.781250000000000000e-01,7.500000000000000156e-04,1.750000000000000036e-03
3.437500000000000000e-01,5.234375000000000000e-01,1.799999999999999951e-03,1.675000000000000057e-03
3.281250000000000000e-01,5.703125000000000000e-01,1.624999999999999925e-03,2.200000000000000133e-03
3.437500000000000000e-01,5.000000000000000000e-01,2.299999999999999961e-03,1.525000000000000097e-03
4.687500000000000000e-01,6.328125000000000000e-01,1.175000000000000046e-03,1.825000000000000016e-03
3.515625000000000000e-01,6.718750000000000000e-01,4.249999999999999763e-04,1.009999999999999960e-02
5.937500000000000000e-01,6.562500000000000000e-01,7.150000000000000105e-03,2.799999999999999972e-03
5.781250000000000000e-01,6.406250000000000000e-01,1.899999999999999996e-03,3.324999999999999831e-03
5.625000000000000000e-01,6.562500000000000000e-01,1.724999999999999971e-03,2.000000000000000042e-03
3.671875000000000000e-01,4.687500000000000000e-01,1.000000000000000048e-04,1.850000000000000082e-03
5.546875000000000000e-01,7.031250000000000000e-01,1.775000000000000102e-03,1.425000000000000051e-03
3.750000000000000000e-01,5.156250000000000000e-01,7.499999999999999343e-05,1.425000000000000051e-03
3.906250000000000000e-01,5.937500000000000000e-01,1.799999999999999951e-03,2.024999999999999890e-03
5.390625000000000000e-01,6.953125000000000000e-01,1.000000000000000048e-04,3.599999999999999901e-03
3.828125000000000000e-01,5.781250000000000000e-01,2.200000000000000133e-03,1.624999999999999925e-03
5.703125000000000000e-01,6.640625000000000000e-01,1.500000000000000031e-03,1.100000000000000066e-03
3.906250000000000000e-01,5.859375000000000000e-01,3.499999999999999964e-04,1.825000000000000016e-03
5.781250000000000000e-01,3.828125000000000000e-01,1.350000000000000071e-03,5.749999999999999903e-04
5.937500000000000000e-01,6.875000000000000000e-01,1.250000000000000026e-04,1.699999999999999905e-03
3.828125000000000000e-01,5.546875000000000000e-01,4.749999999999999990e-04,1.425000000000000051e-03
6.171875000000000000e-01,7.265625000000000000e-01,1.474999999999999966e-03,4.599999999999999922e-03
3.906250000000000000e-01,5.546875000000000000e-01,7.499999999999999343e-05,1.775000000000000102e-03
3.828125000000000000e-01,5.078125000000000000e-01,1.699999999999999905e-03,1.899999999999999996e-03
3.671875000000000000e-01,5.390625000000000000e-01,2.050000000000000173e-03,1.925000000000000062e-03
3.828125000000000000e-01,5.703125000000000000e-01,1.899999999999999996e-03,1.775000000000000102e-03
3.906250000000000000e-01,5.859375000000000000e-01,1.724999999999999971e-03,1.099999999999999936e-02
6.015625000000000000e-01,7.265625000000000000e-01,1.000000000000000048e-04,1.799999999999999951e-03
5.390625000000000000e-01,6.328125000000000000e-01,7.799999999999999642e-03,2.125000000000000153e-03
5.234375000000000000e-01,5.703125000000000000e-01,1.775000000000000102e-03,1.699999999999999905e-03
4.062500000000000000e-01,4.687500000000000000e-01,1.525000000000000097e-03,1.925000000000000062e-03
5.078125000000000000e-01,6.171875000000000000e-01,7.499999999999999343e-05,1.925000000000000062e-03
4.140625000000000000e-01,5.546875000000000000e-01,1.775000000000000102e-03,1.850000000000000082e-03
5.000000000000000000e-01,6.406250000000000000e-01,2.000000000000000096e-04,1.649999999999999991e-03
4.296875000000000000e-01,5.468750000000000000e-01,2.099999999999999870e-03,2.000000000000000042e-03
4.843750000000000000e-01,6.328125000000000000e-01,5.000000000000000240e-05,3.000000000000000062e-03
4.218750000000000000e-01,5.156250000000000000e-01,2.150000000000000001e-03,1.374999999999999920e-03
5.156250000000000000e-01,5.859375000000000000e-01,1.175000000000000046e-03,1.250000000000000026e-03
4.296875000000000000e-01,5.312500000000000000e-01,5.999999999999999474e-04,1.699999999999999905e-03
5.390625000000000000e-01,6.328125000000000000e-01,1.100000000000000066e-03,1.750000000000000036e-03
4.218750000000000000e-01,4.921875000000000000e-01,9.499999999999999981e-04,9.250000000000000409e-04
5.625000000000000000e-01,6.718750000000000000e-01,1.175000000000000046e-03,6.400000000000000307e-03
4.296875000000000000e-01,5.546875000000000000e-01,1.000000000000000048e-04,1.549999999999999946e-03
4.218750000000000000e-01,5.468750000000000000e-01,1.624999999999999925e-03,1.624999999999999925e-03
4.062500000000000000e-01,4.765625000000000000e-01,2.050000000000000173e-03,1.850000000000000082e-03
4.218750000000000000e-01,4.453125000000000000e-01,2.000000000000000042e-03,1.474999999999999966e-03
5.546875000000000000e-01,6.484375000000000000e-01,1.250000000000000026e-03,1.449999999999999900e-03
4.296875000000000000e-01,4.921875000000000000e-01,3.750000000000000078e-04,1.135000000000000071e-02
5.781250000000000000e-01,5.546875000000000000e-01,3.975000000000000235e-03,8.999999999999999754e-04
5.625000000000000000e-01,6.718750000000000000e-01,1.425000000000000051e-03,1.675000000000000057e-03
5.546875000000000000e-01,6.953125000000000000e-01,1.925000000000000062e-03,1.250000000000000026e-03
5.625000000000000000e-01,6.484375000000000000e-01,3.975000000000000235e-03,1.474999999999999966e-03
4.453125000000000000e-01,4.843750000000000000e-01,2.249999999999999938e-04,1.624999999999999925e-03
5.781250000000000000e-01,6.171875000000000000e-01,1.500000000000000031e-03,1.399999999999999986e-03
4.609375000000000000e-01,5.156250000000000000e-01,2.000000000000000096e-04,1.374999999999999920e-03
5.234375000000000000e-01,6.718750000000000000e-01,1.675000000000000057e-03,6.499999999999999702e-03
4.687500000000000000e-01,5.859375000000000000e-01,1.250000000000000026e-04,1.649999999999999991e-03
4.609375000000000000e-01,5.468750000000000000e-01,2.425000000000000072e-03,1.149999999999999981e-03
4.687500000000000000e-01,5.859375000000000000e-01,1.724999999999999971e-03,1.399999999999999986e-03
4.609375000000000000e-01,4.921875000000000000e-01,2.000000000000000042e-03,1.149999999999999981e-03
6.015625000000000000e-01,7.187500000000000000e-01,1.649999999999999991e-03,4.850000000000000144e-03
4.687500000000000000e-01,5.546875000000000000e-01,2.000000000000000096e-04,9.749999999999999552e-04
4.609375000000000000e-01,5.390625000000000000e-01,1.575000000000000011e-03,1.474999999999999966e-03
4.453125000000000000e-01,4.531250000000000000e-01,2.075000000000000022e-03,1.474999999999999966e-03
4.609375000000000000e-01,5.078125000000000000e-01,1.899999999999999996e-03,1.049999999999999935e-03
5.937500000000000000e-01,6.562500000000000000e-01,1.049999999999999935e-03,8.249999999999999955e-04
4.687500000000000000e-01,4.843750000000000000e-01,2.750000000000000166e-04,1.004999999999999991e-02
5.234375000000000000e-01,5.859375000000000000e-01,3.975000000000000235e-03,1.224999999999999960e-03
5.078125000000000000e-01,6.015625000000000000e-01,1.425000000000000051e-03,1.449999999999999900e-03
5.000000000000000000e-01,6.250000000000000000e-01,1.825000000000000016e-03,1.925000000000000062e-03
5.078125000000000000e-01,6.093750000000000000e-01,3.474999999999999790e-03,1.799999999999999951e-03
4.843750000000000000e-01,4.453125000000000000e-01,2.000000000000000096e-04,1.474999999999999966e-03
5.000000000000000000e-01,4.687500000000000000e-01,1.600000000000000077e-03,1.000000000000000021e-03
5.234375000000000000e-01,5.781250000000000000e-01,2.249999999999999938e-04,1.250000000000000026e-03
4.687500000000000000e-01,6.562500000000000000e-01,1.724999999999999971e-03,2.899999999999999800e-03
5.078125000000000000e-01,4.687500000000000000e-01,1.250000000000000026e-04,1.149999999999999981e-03
5.000000000000000000e-01,4.843750000000000000e-01,1.874999999999999931e-03,9.749999999999999552e-04
5.078125000000000000e-01,4.843750000000000000e-01,1.899999999999999996e-03,9.749999999999999552e-04
5.000000000000000000e-01,4.609375000000000000e-01,1.850000000000000082e-03,9.250000000000000409e-04
5.468750000000000000e-01,6.328125000000000000e-01,1.325000000000000006e-03,6.799999999999999621e-03
5.078125000000000000e-01,5.312500000000000000e-01,3.750000000000000078e-04,1.100000000000000066e-03
5.000000000000000000e-01,4.765625000000000000e-01,1.624999999999999925e-03,1.025000000000000086e-03
4.843750000000000000e-01,4.531250000000000000e-01,1.600000000000000077e-03,1.600000000000000077e-03
5.000000000000000000e-01,4.531250000000000000e-01,2.249999999999999830e-03,1.124999999999999915e-03
5.390625000000000000e-01,6.171875000000000000e-01,1.474999999999999966e-03,4.400000000000000265e-03
5.078125000000000000e-01,5.000000000000000000e-01,5.500000000000000331e-04,1.127500000000000030e-02
5.546875000000000000e-01,5.859375000000000000e-01,4.000000000000000083e-03,1.675000000000000057e-03
5.703125000000000000e-01,6.640625000000000000e-01,1.675000000000000057e-03,1.525000000000000097e-03
5.781250000000000000e-01,6.875000000000000000e-01,1.899999999999999996e-03,1.439999999999999961e-02
5.234375000000000000e-01,5.156250000000000000e-01,4.275000000000000154e-03,1.525000000000000097e-03
5.390625000000000000e-01,5.468750000000000000e-01,1.675000000000000057e-03,1.675000000000000057e-03
6.328125000000000000e-01,7.265625000000000000e-01,1.224999999999999960e-03,1.455000000000000043e-02
5.468750000000000000e-01,6.093750000000000000e-01,5.249999999999999676e-04,1.699999999999999905e-03
5.390625000000000000e-01,5.156250000000000000e-01,2.150000000000000001e-03,1.399999999999999986e-03
5.468750000000000000e-01,5.703125000000000000e-01,1.649999999999999991e-03,1.750000000000000036e-03
5.390625000000000000e-01,5.000000000000000000e-01,2.075000000000000022e-03,1.399999999999999986e-03
5.703125000000000000e-01,6.406250000000000000e-01,1.299999999999999940e-03,3.449999999999999942e-03
5.468750000000000000e-01,5.546875000000000000e-01,5.749999999999999903e-04,1.549999999999999946e-03
5.390625000000000000e-01,4.531250000000000000e-01,1.975000000000000193e-03,1.000000000000000021e-03
5.234375000000000000e-01,5.312500000000000000e-01,1.474999999999999966e-03,1.850000000000000082e-03
5.390625000000000000e-01,5.703125000000000000e-01,1.899999999999999996e-03,1.874999999999999931e-03
6.015625000000000000e-01,7.500000000000000000e-01,1.750000000000000036e-03,1.580000000000000154e-02
5.781250000000000000e-01,6.875000000000000000e-01,7.499999999999999343e-05,1.590000000000000094e-02
5.468750000000000000e-01,5.703125000000000000e-01,2.249999999999999938e-04,5.500000000000000331e-04
4.531250000000000000e-01,6.093750000000000000e-01,3.775000000000000144e-03,1.799999999999999951e-03
4.687500000000000000e-01,6.015625000000000000e-01,1.899999999999999996e-03,1.724999999999999971e-03
4.843750000000000000e-01,6.171875000000000000e-01,1.825000000000000016e-03,1.600000000000000077e-03
4.687500000000000000e-01,4.609375000000000000e-01,1.374999999999999920e-03,2.524999999999999901e-03
4.531250000000000000e-01,6.015625000000000000e-01,2.075000000000000022e-03,1.575000000000000011e-03
4.453125000000000000e-01,6.171875000000000000e-01,1.724999999999999971e-03,1.699999999999999905e-03
4.296875000000000000e-01,6.562500000000000000e-01,1.775000000000000102e-03,2.024999999999999890e-03
6.406250000000000000e-01,7.421875000000000000e-01,2.750000000000000166e-04,3.500000000000000073e-03
6.328125000000000000e-01,6.484375000000000000e-01,9.749999999999999552e-04,2.449999999999999921e-03
4.140625000000000000e-01,4.921875000000000000e-01,6.499999999999999702e-04,1.699999999999999905e-03
4.296875000000000000e-01,6.250000000000000000e-01,2.024999999999999890e-03,1.775000000000000102e-03
4.453125000000000000e-01,6.718750000000000000e-01,1.825000000000000016e-03,1.575000000000000011e-03
4.531250000000000000e-01,6.328125000000000000e-01,1.975000000000000193e-03,1.624999999999999925e-03
6.406250000000000000e-01,2.187500000000000000e-01,5.249999999999999676e-04,8.200000000000000691e-03
4.453125000000000000e-01,5.625000000000000000e-01,1.149999999999999981e-03,2.024999999999999890e-03
4.296875000000000000e-01,6.015625000000000000e-01,1.649999999999999991e-03,1.399999999999999986e-03
4.140625000000000000e-01,4.609375000000000000e-01,2.024999999999999890e-03,2.024999999999999890e-03
5.703125000000000000e-01,7.421875000000000000e-01,2.200000000000000133e-03,1.577500000000000083e-02
4.062500000000000000e-01,6.171875000000000000e-01,2.500000000000000120e-05,1.850000000000000082e-03
4.140625000000000000e-01,6.328125000000000000e-01,2.099999999999999870e-03,1.525000000000000097e-03
4.296875000000000000e-01,6.562500000000000000e-01,1.699999999999999905e-03,5.774999999999999752e-03
5.468750000000000000e-01,7.109375000000000000e-01,3.824999999999999841e-03,1.224999999999999960e-03
4.140625000000000000e-01,5.781250000000000000e-01,2.099999999999999870e-03,2.949999999999999931e-03
4.062500000000000000e-01,5.703125000000000000e-01,1.724999999999999971e-03,2.075000000000000022e-03
3.906250000000000000e-01,5.703125000000000000e-01,1.750000000000000036e-03,1.374999999999999920e-03
5.000000000000000000e-01,7.109375000000000000e-01,2.050000000000000173e-03,1.199999999999999895e-03
3.828125000000000000e-01,6.093750000000000000e-01,3.249999999999999851e-04,1.500000000000000031e-03
3.906250000000000000e-01,6.406250000000000000e-01,1.925000000000000062e-03,2.000000000000000042e-03
4.062500000000000000e-01,6.328125000000000000e-01,2.050000000000000173e-03,5.049999999999999802e-03
5.234375000000000000e-01,7.187500000000000000e-01,4.024999999999999932e-03,8.750000000000000182e-04
3.906250000000000000e-01,6.015625000000000000e-01,1.799999999999999951e-03,2.824999999999999820e-03
3.828125000000000000e-01,5.859375000000000000e-01,1.500000000000000031e-03,1.899999999999999996e-03
3.671875000000000000e-01,5.781250000000000000e-01,1.850000000000000082e-03,2.674999999999999861e-03
3.515625000000000000e-01,6.640625000000000000e-01,2.050000000000000173e-03,1.207500000000000066e-02
4.765625000000000000e-01,7.187500000000000000e-01,2.249999999999999938e-04,1.299999999999999940e-03
6.171875000000000000e-01,7.343750000000000000e-01,7.875000000000000056e-03,1.500000000000000031e-03
5.937500000000000000e-01,7.031250000000000000e-01,5.000000000000000240e-05,1.275000000000000092e-03
3.671875000000000000e-01,5.468750000000000000e-01,4.024999999999999932e-03,2.299999999999999961e-03
3.828125000000000000e-01,5.546875000000000000e-01,1.825000000000000016e-03,1.874999999999999931e-03
5.937500000000000000e-01,7.421875000000000000e-01,1.975000000000000193e-03,1.699999999999999905e-03
3.906250000000000000e-01,5.859375000000000000e-01,7.499999999999999343e-05,2.174999999999999850e-03
5.390625000000000000e-01,6.562500000000000000e-01,0.000000000000000000e+00,1.682499999999999968e-02
6.015625000000000000e-01,4.687500000000000000e-02,1.299999999999999940e-03,3.750000000000000078e-04
3.828125000000000000e-01,5.625000000000000000e-01,1.075000000000000001e-03,1.525000000000000097e-03
3.906250000000000000e-01,5.546875000000000000e-01,1.675000000000000057e-03,2.000000000000000042e-03
3.828125000000000000e-01,5.390625000000000000e-01,2.150000000000000001e-03,1.124999999999999915e-03
6.328125000000000000e-01,6.875000000000000000e-01,1.299999999999999940e-03,1.600000000000000077e-03
3.906250000000000000e-01,5.234375000000000000e-01,7.499999999999999343e-05,1.649999999999999991e-03
3.828125000000000000e-01,5.234375000000000000e-01,1.850000000000000082e-03,1.850000000000000082e-03
3.671875000000000000e-01,5.546875000000000000e-01,2.024999999999999890e-03,2.099999999999999870e-03
3.828125000000000000e-01,5.000000000000000000e-01,1.399999999999999986e-03,1.149999999999999981e-03
3.906250000000000000e-01,6.953125000000000000e-01,2.224999999999999981e-03,1.675000000000000057e-03
6.015625000000000000e-01,7.500000000000000000e-01,1.000000000000000048e-04,1.649999999999999991e-03
4.062500000000000000e-01,6.718750000000000000e-01,2.024999999999999890e-03,1.799999999999999951e-03
4.140625000000000000e-01,6.562500000000000000e-01,1.899999999999999996e-03,4.924999999999999691e-03
5.781250000000000000e-01,6.562500000000000000e-01,3.850000000000000124e-03,8.750000000000000182e-04
5.390625000000000000e-01,6.093750000000000000e-01,5.000000000000000240e-05,6.250000000000000130e-04
4.062500000000000000e-01,5.781250000000000000e-01,1.750000000000000036e-03,2.700000000000000143e-03
3.906250000000000000e-01,5.468750000000000000e-01,1.649999999999999991e-03,1.925000000000000062e-03
3.750000000000000000e-01,5.703125000000000000e-01,1.775000000000000102e-03,1.500000000000000031e-03
4.843750000000000000e-01,6.796875000000000000e-01,2.075000000000000022e-03,1.149999999999999981e-03
3.671875000000000000e-01,7.109375000000000000e-01,2.999999999999999737e-04,1.649999999999999991e-03
3.750000000000000000e-01,6.953125000000000000e-01,1.825000000000000016e-03,1.675000000000000057e-03
3.906250000000000000e-01,6.406250000000000000e-01,1.874999999999999931e-03,5.749999999999999903e-03
5.078125000000000000e-01,7.343750000000000000e-01,4.049999999999999781e-03,7.249999999999999500e-04
3.750000000000000000e-01,5.859375000000000000e-01,2.075000000000000022e-03,2.925000000000000083e-03
3.671875000000000000e-01,5.703125000000000000e-01,1.750000000000000036e-03,1.199999999999999895e-03
3.515625000000000000e-01,6.093750000000000000e-01,1.600000000000000077e-03,2.099999999999999870e-03
4.609375000000000000e-01,7.109375000000000000e-01,2.075000000000000022e-03,9.250000000000000409e-04
3.359375000000000000e-01,6.796875000000000000e-01,2.500000000000000120e-05,1.299999999999999940e-02
6.015625000000000000e-01,7.578125000000000000e-01,8.300000000000000086e-03,1.374999999999999920e-03
5.781250000000000000e-01,6.171875000000000000e-01,1.499999999999999869e-04,6.250000000000000130e-04
3.515625000000000000e-01,5.390625000000000000e-01,4.499999999999999660e-03,2.174999999999999850e-03
3.671875000000000000e-01,5.546875000000000000e-01,1.699999999999999905e-03,1.500000000000000031e-03
5.234375000000000000e-01,6.406250000000000000e-01,1.724999999999999971e-03,8.649999999999999703e-03
5.781250000000000000e-01,6.796875000000000000e-01,2.500000000000000120e-05,1.474999999999999966e-03
3.750000000000000000e-01,6.250000000000000000e-01,7.499999999999999343e-05,1.825000000000000016e-03
3.671875000000000000e-01,5.937500000000000000e-01,2.299999999999999961e-03,1.600000000000000077e-03
3.750000000000000000e-01,6.093750000000000000e-01,2.000000000000000042e-03,1.899999999999999996e-03
3.671875000000000000e-01,5.546875000000000000e-01,2.174999999999999850e-03,1.399999999999999986e-03
6.171875000000000000e-01,6.953125000000000000e-01,1.325000000000000006e-03,1.199999999999999895e-03
3.750000000000000000e-01,5.781250000000000000e-01,5.000000000000000104e-04,1.525000000000000097e-03
3.671875000000000000e-01,5.546875000000000000e-01,1.899999999999999996e-03,1.699999999999999905e-03
3.515625000000000000e-01,5.390625000000000000e-01,1.699999999999999905e-03,1.724999999999999971e-03
5.625000000000000000e-01,2.578125000000000000e-01,1.925000000000000062e-03,8.249999999999999955e-04
3.671875000000000000e-01,5.234375000000000000e-01,1.250000000000000026e-04,2.024999999999999890e-03
5.937500000000000000e-01,7.187500000000000000e-01,1.600000000000000077e-03,1.299999999999999940e-03
3.750000000000000000e-01,6.875000000000000000e-01,2.249999999999999938e-04,2.425000000000000072e-03
5.625000000000000000e-01,6.875000000000000000e-01,7.700000000000000247e-03,1.575000000000000011e-03
4.687500000000000000e-01,6.171875000000000000e-01,2.350000000000000092e-03,2.024999999999999890e-03
4.843750000000000000e-01,5.703125000000000000e-01,1.874999999999999931e-03,1.925000000000000062e-03
5.000000000000000000e-01,6.953125000000000000e-01,1.699999999999999905e-03,1.799999999999999951e-03
5.390625000000000000e-01,7.109375000000000000e-01,1.925000000000000062e-03,1.949999999999999910e-03
5.078125000000000000e-01,7.265625000000000000e-01,2.000000000000000096e-04,6.349999999999999742e-03
6.015625000000000000e-01,7.578125000000000000e-01,8.099999999999999561e-03,8.499999999999999526e-04
5.000000000000000000e-01,6.015625000000000000e-01,2.024999999999999890e-03,1.399999999999999986e-03
4.843750000000000000e-01,6.171875000000000000e-01,1.799999999999999951e-03,2.749999999999999840e-03
4.687500000000000000e-01,5.625000000000000000e-01,1.724999999999999971e-03,2.000000000000000042e-03
4.609375000000000000e-01,6.796875000000000000e-01,1.949999999999999910e-03,3.749999999999999861e-03
5.781250000000000000e-01,6.484375000000000000e-01,1.499999999999999869e-04,1.149999999999999981e-03
5.546875000000000000e-01,6.250000000000000000e-01,7.474999999999999874e-03,9.250000000000000409e-04
4.843750000000000000e-01,6.015625000000000000e-01,1.499999999999999869e-04,6.999999999999999929e-04
3.671875000000000000e-01,6.250000000000000000e-01,1.825000000000000016e-03,1.624999999999999925e-03
3.750000000000000000e-01,6.093750000000000000e-01,1.799999999999999951e-03,2.150000000000000001e-03
3.906250000000000000e-01,6.328125000000000000e-01,1.949999999999999910e-03,2.050000000000000173e-03
5.312500000000000000e-01,6.875000000000000000e-01,2.000000000000000042e-03,1.299999999999999940e-03
4.609375000000000000e-01,6.250000000000000000e-01,5.000000000000000240e-05,6.499999999999999702e-04
4.062500000000000000e-01,6.640625000000000000e-01,2.000000000000000096e-04,6.700000000000000226e-03
5.937500000000000000e-01,6.406250000000000000e-01,7.250000000000000368e-03,1.049999999999999935e-03
5.312500000000000000e-01,6.562500000000000000e-01,5.000000000000000240e-05,1.100000000000000066e-03
3.906250000000000000e-01,5.937500000000000000e-01,2.249999999999999830e-03,1.549999999999999946e-03
3.750000000000000000e-01,5.468750000000000000e-01,1.600000000000000077e-03,2.050000000000000173e-03
3.671875000000000000e-01,5.312500000000000000e-01,1.425000000000000051e-03,2.024999999999999890e-03
5.625000000000000000e-01,5.859375000000000000e-01,1.850000000000000082e-03,1.675000000000000100e-02
5.390625000000000000e-01,6.328125000000000000e-01,1.000000000000000048e-04,1.457499999999999941e-02
3.515625000000000000e-01,5.859375000000000000e-01,5.000000000000000240e-05,4.150000000000000043e-03
3.671875000000000000e-01,5.390625000000000000e-01,4.575000000000000074e-03,1.775000000000000102e-03
3.750000000000000000e-01,5.546875000000000000e-01,1.500000000000000031e-03,2.050000000000000173e-03
3.906250000000000000e-01,6.171875000000000000e-01,1.699999999999999905e-03,1.699999999999999905e-03
4.062500000000000000e-01,5.781250000000000000e-01,1.975000000000000193e-03,2.399999999999999790e-03
4.218750000000000000e-01,6.250000000000000000e-01,2.024999999999999890e-03,2.224999999999999981e-03
4.375000000000000000e-01,6.250000000000000000e-01,1.675000000000000057e-03,1.925000000000000062e-03
4.453125000000000000e-01,6.406250000000000000e-01,1.925000000000000062e-03,2.122500000000000081e-02
5.546875000000000000e-01,6.093750000000000000e-01,2.024999999999999890e-03,2.125000000000000153e-03
5.390625000000000000e-01,6.171875000000000000e-01,2.024999999999999890e-03,1.350000000000000071e-03
5.234375000000000000e-01,6.171875000000000000e-01,1.750000000000000036e-03,1.850000000000000082e-03
5.078125000000000000e-01,6.406250000000000000e-01,1.799999999999999951e-03,1.874999999999999931e-03
5.000000000000000000e-01,6.640625000000000000e-01,1.874999999999999931e-03,1.449999999999999900e-03
4.843750000000000000e-01,6.171875000000000000e-01,1.425000000000000051e-03,1.925000000000000062e-03
4.687500000000000000e-01,6.250000000000000000e-01,1.925000000000000062e-03,1.699999999999999905e-03
4.843750000000000000e-01,6.562500000000000000e-01,1.850000000000000082e-03,3.425000000000000093e-03
5.546875000000000000e-01,5.859375000000000000e-01,1.975000000000000193e-03,1.699999999999999905e-03
5.625000000000000000e-01,6.015625000000000000e-01,1.724999999999999971e-03,1.649999999999999991e-03
5.781250000000000000e-01,6.328125000000000000e-01,1.675000000000000057e-03,1.149999999999999981e-03
4.375000000000000000e-01,5.703125000000000000e-01,1.925000000000000062e-03,2.749999999999999840e-03
4.609375000000000000e-01,6.484375000000000000e-01,5.000000000000000240e-05,1.874999999999999931e-03
5.937500000000000000e-01,6.093750000000000000e-01,5.000000000000000240e-05,1.449999999999999900e-03
6.093750000000000000e-01,6.171875000000000000e-01,1.699999999999999905e-03,1.624999999999999925e-03
6.250000000000000000e-01,5.781250000000000000e-01,1.699999999999999905e-03,1.000000000000000021e-03
4.453125000000000000e-01,6.015625000000000000e-01,2.750000000000000166e-04,2.174999999999999850e-03
4.218750000000000000e-01,5.390625000000000000e-01,2.000000000000000096e-04,2.425000000000000072e-03
6.328125000000000000e-01,6.015625000000000000e-01,1.175000000000000046e-03,2.224999999999999981e-03
6.484375000000000000e-01,7.109375000000000000e-01,2.374999999999999941e-03,2.524999999999999901e-03
4.062500000000000000e-01,6.640625000000000000e-01,2.000000000000000096e-04,5.400000000000000286e-03
4.375000000000000000e-01,6.718750000000000000e-01,1.250000000000000026e-04,1.349999999999999985e-02
6.328125000000000000e-01,6.093750000000000000e-01,1.899999999999999996e-03,2.024999999999999890e-03
6.250000000000000000e-01,6.093750000000000000e-01,1.799999999999999951e-03,2.324999999999999810e-03
6.093750000000000000e-01,6.171875000000000000e-01,2.099999999999999870e-03,1.525000000000000097e-03
5.937500000000000000e-01,5.546875000000000000e-01,1.825000000000000016e-03,7.749999999999999728e-04
3.906250000000000000e-01,5.390625000000000000e-01,2.000000000000000096e-04,4.950000000000000407e-03
5.781250000000000000e-01,6.093750000000000000e-01,1.575000000000000011e-03,1.649999999999999991e-03
5.625000000000000000e-01,6.015625000000000000e-01,2.099999999999999870e-03,1.350000000000000071e-03
5.546875000000000000e-01,5.546875000000000000e-01,1.799999999999999951e-03,1.100000000000000066e-03
3.750000000000000000e-01,7.031250000000000000e-01,1.500000000000000031e-03,1.600000000000000033e-02
4.453125000000000000e-01,6.875000000000000000e-01,0.000000000000000000e+00,1.414999999999999938e-02
5.937500000000000000e-01,6.718750000000000000e-01,1.000000000000000048e-04,2.599999999999999881e-03
5.781250000000000000e-01,5.625000000000000000e-01,2.224999999999999981e-03,2.174999999999999850e-03
5.625000000000000000e-01,5.781250000000000000e-01,1.949999999999999910e-03,2.024999999999999890e-03
5.546875000000000000e-01,5.546875000000000000e-01,2.075000000000000022e-03,1.325000000000000006e-03
5.390625000000000000e-01,5.312500000000000000e-01,1.975000000000000193e-03,9.499999999999999981e-04
5.312500000000000000e-01,5.859375000000000000e-01,1.775000000000000102e-03,1.374999999999999920e-03
5.156250000000000000e-01,5.546875000000000000e-01,1.799999999999999951e-03,1.449999999999999900e-03
5.000000000000000000e-01,5.625000000000000000e-01,1.750000000000000036e-03,1.975000000000000193e-03
5.390625000000000000e-01,6.406250000000000000e-01,1.775000000000000102e-03,2.524999999999999901e-03
4.140625000000000000e-01,7.578125000000000000e-01,5.000000000000000240e-05,1.457499999999999941e-02
5.234375000000000000e-01,5.078125000000000000e-01,2.050000000000000173e-03,2.425000000000000072e-03
5.078125000000000000e-01,5.781250000000000000e-01,1.549999999999999946e-03,2.299999999999999961e-03
5.000000000000000000e-01,5.703125000000000000e-01,2.200000000000000133e-03,1.500000000000000031e-03
4.843750000000000000e-01,5.781250000000000000e-01,1.975000000000000193e-03,1.199999999999999895e-03
4.687500000000000000e-01,5.625000000000000000e-01,1.925000000000000062e-03,1.825000000000000016e-03
4.609375000000000000e-01,5.703125000000000000e-01,1.850000000000000082e-03,1.399999999999999986e-03
4.453125000000000000e-01,6.093750000000000000e-01,1.799999999999999951e-03,1.874999999999999931e-03
5.078125000000000000e-01,6.484375000000000000e-01,1.975000000000000193e-03,2.674999999999999861e-03
3.437500000000000000e-01,7.109375000000000000e-01,2.500000000000000120e-05,2.284999999999999878e-02
5.000000000000000000e-01,5.546875000000000000e-01,1.899999999999999996e-03,2.174999999999999850e-03
4.843750000000000000e-01,5.703125000000000000e-01,1.624999999999999925e-03,2.099999999999999870e-03
4.687500000000000000e-01,5.859375000000000000e-01,2.125000000000000153e-03,1.250000000000000026e-03
4.609375000000000000e-01,5.546875000000000000e-01,1.799999999999999951e-03,1.100000000000000066e-03
4.453125000000000000e-01,6.171875000000000000e-01,2.075000000000000022e-03,1.825000000000000016e-03
4.375000000000000000e-01,5.312500000000000000e-01,2.125000000000000153e-03,1.025000000000000086e-03
4.218750000000000000e-01,6.250000000000000000e-01,1.525000000000000097e-03,1.250000000000000026e-03
4.843750000000000000e-01,5.859375000000000000e-01,2.075000000000000022e-03,2.449999999999999921e-03
4.687500000000000000e-01,5.546875000000000000e-01,1.799999999999999951e-03,1.975000000000000193e-03
4.609375000000000000e-01,5.781250000000000000e-01,1.425000000000000051e-03,1.525000000000000097e-03
4.453125000000000000e-01,6.093750000000000000e-01,1.850000000000000082e-03,1.675000000000000057e-03
4.375000000000000000e-01,6.328125000000000000e-01,1.949999999999999910e-03,1.775000000000000102e-03
4.218750000000000000e-01,6.640625000000000000e-01,1.799999999999999951e-03,1.899999999999999996e-03
4.062500000000000000e-01,5.625000000000000000e-01,1.675000000000000057e-03,1.750000000000000036e-03
3.984375000000000000e-01,6.406250000000000000e-01,1.675000000000000057e-03,1.624999999999999925e-03
4.062500000000000000e-01,6.875000000000000000e-01,2.050000000000000173e-03,1.545000000000000019e-02
3.906250000000000000e-01,6.484375000000000000e-01,7.799999999999999642e-03,1.350000000000000071e-03
5.000000000000000000e-01,5.312500000000000000e-01,2.449999999999999921e-03,1.750000000000000036e-03
5.156250000000000000e-01,5.781250000000000000e-01,1.699999999999999905e-03,1.850000000000000082e-03
5.312500000000000000e-01,5.937500000000000000e-01,1.750000000000000036e-03,1.799999999999999951e-03
3.671875000000000000e-01,6.484375000000000000e-01,1.474999999999999966e-03,6.624999999999999813e-03
5.390625000000000000e-01,6.093750000000000000e-01,4.249999999999999763e-04,1.649999999999999991e-03
5.312500000000000000e-01,6.250000000000000000e-01,1.874999999999999931e-03,2.000000000000000042e-03
5.390625000000000000e-01,6.328125000000000000e-01,2.125000000000000153e-03,1.699999999999999905e-03
5.312500000000000000e-01,5.781250000000000000e-01,1.724999999999999971e-03,1.775000000000000102e-03
5.390625000000000000e-01,5.781250000000000000e-01,1.799999999999999951e-03,1.724999999999999971e-03
4.062500000000000000e-01,6.640625000000000000e-01,7.499999999999999343e-05,5.875000000000000014e-03
5.312500000000000000e-01,6.250000000000000000e-01,1.724999999999999971e-03,1.350000000000000071e-03
5.156250000000000000e-01,6.093750000000000000e-01,1.975000000000000193e-03,1.600000000000000077e-03
5.312500000000000000e-01,6.328125000000000000e-01,1.649999999999999991e-03,1.425000000000000051e-03
3.750000000000000000e-01,6.640625000000000000e-01,1.925000000000000062e-03,6.799999999999999621e-03
5.390625000000000000e-01,7.031250000000000000e-01,1.000000000000000048e-04,1.837499999999999897e-02
3.515625000000000000e-01,6.484375000000000000e-01,8.099999999999999561e-03,5.774999999999999752e-03
4.609375000000000000e-01,5.859375000000000000e-01,1.525000000000000097e-03,1.925000000000000062e-03
4.687500000000000000e-01,5.703125000000000000e-01,1.850000000000000082e-03,1.624999999999999925e-03
4.843750000000000000e-01,5.703125000000000000e-01,1.799999999999999951e-03,1.799999999999999951e-03
3.125000000000000000e-01,6.640625000000000000e-01,1.874999999999999931e-03,6.875000000000000035e-03
4.765625000000000000e-01,5.859375000000000000e-01,1.749999999999999982e-04,1.500000000000000031e-03
4.843750000000000000e-01,5.625000000000000000e-01,1.549999999999999946e-03,1.699999999999999905e-03
4.765625000000000000e-01,5.625000000000000000e-01,1.799999999999999951e-03,1.474999999999999966e-03
4.843750000000000000e-01,4.609375000000000000e-01,1.525000000000000097e-03,1.525000000000000097e-03
4.765625000000000000e-01,5.000000000000000000e-01,1.575000000000000011e-03,1.474999999999999966e-03
3.359375000000000000e-01,7.187500000000000000e-01,1.075000000000000001e-03,6.975000000000000297e-03
4.843750000000000000e-01,4.609375000000000000e-01,2.500000000000000052e-04,2.125000000000000153e-03
4.765625000000000000e-01,5.156250000000000000e-01,1.699999999999999905e-03,1.850000000000000082e-03
5.390625000000000000e-01,1.484375000000000000e-01,8.000000000000000383e-04,4.449999999999999963e-03
4.609375000000000000e-01,6.015625000000000000e-01,1.175000000000000046e-03,1.250000000000000026e-03
4.765625000000000000e-01,5.546875000000000000e-01,1.425000000000000051e-03,1.250000000000000026e-03
5.390625000000000000e-01,2.500000000000000000e-01,1.850000000000000082e-03,9.575000000000000178e-03
3.203125000000000000e-01,6.328125000000000000e-01,7.499999999999999343e-05,2.350000000000000092e-03
4.843750000000000000e-01,6.562500000000000000e-01,0.000000000000000000e+00,7.599999999999999985e-03
3.359375000000000000e-01,2.343750000000000000e-01,2.249999999999999938e-04,7.749999999999999728e-04
3.125000000000000000e-01,5.312500000000000000e-01,1.799999999999999951e-03,2.150000000000000001e-03
2.968750000000000000e-01,6.562500000000000000e-01,1.874999999999999931e-03,9.650000000000000591e-03
5.546875000000000000e-01,6.718750000000000000e-01,4.550000000000000225e-03,3.950000000000000386e-03
5.078125000000000000e-01,6.093750000000000000e-01,5.000000000000000240e-05,4.825000000000000296e-03
3.125000000000000000e-01,6.875000000000000000e-01,4.375000000000000416e-03,2.650000000000000012e-03
3.203125000000000000e-01,6.640625000000000000e-01,2.575000000000000032e-03,2.975000000000000214e-03
2.968750000000000000e-01,5.859375000000000000e-01,3.075000000000000042e-03,2.575000000000000032e-03
4.375000000000000000e-01,6.328125000000000000e-01,1.250000000000000026e-04,8.750000000000000833e-03
5.000000000000000000e-01,6.093750000000000000e-01,1.749999999999999982e-04,1.319999999999999993e-02
3.125000000000000000e-01,6.328125000000000000e-01,2.174999999999999850e-03,2.200000000000000133e-03
3.203125000000000000e-01,6.406250000000000000e-01,2.324999999999999810e-03,1.874999999999999931e-03
3.125000000000000000e-01,6.250000000000000000e-01,2.200000000000000133e-03,1.724999999999999971e-03
3.203125000000000000e-01,6.718750000000000000e-01,2.050000000000000173e-03,1.799999999999999951e-03
3.125000000000000000e-01,6.484375000000000000e-01,2.050000000000000173e-03,2.324999999999999810e-03
3.203125000000000000e-01,6.796875000000000000e-01,2.174999999999999850e-03,3.024999999999999911e-03
4.609375000000000000e-01,6.406250000000000000e-01,2.249999999999999938e-04,2.122500000000000081e-02
5.312500000000000000e-01,6.015625000000000000e-01,7.499999999999999343e-05,2.222500000000000170e-02
3.125000000000000000e-01,6.562500000000000000e-01,2.324999999999999810e-03,3.174999999999999871e-03
3.203125000000000000e-01,6.796875000000000000e-01,3.000000000000000062e-03,3.524999999999999922e-03
3.125000000000000000e-01,6.640625000000000000e-01,3.075000000000000042e-03,3.174999999999999871e-03
2.968750000000000000e-01,6.718750000000000000e-01,4.174999999999999892e-03,3.874999999999999972e-03
3.125000000000000000e-01,6.640625000000000000e-01,4.449999999999999963e-03,6.499999999999999702e-03
5.390625000000000000e-01,6.328125000000000000e-01,5.425000000000000135e-03,3.590000000000000135e-02
2.578125000000000000e-01,6.484375000000000000e-01,7.499999999999999343e-05,3.572499999999999981e-02
4.765625000000000000e-01,5.859375000000000000e-01,0.000000000000000000e+00,3.642499999999999905e-02
