4.843750000000000000e-01,3.750000000000000000e-01,1.827499999999999958e-02,1.197499999999999953e-02
3.906250000000000000e-01,3.203125000000000000e-01,4.749999999999999990e-04,1.157500000000000022e-02
5.390625000000000000e-01,5.390625000000000000e-01,1.584999999999999951e-02,3.067500000000000088e-02
4.453125000000000000e-01,3.437500000000000000e-01,5.999999999999999474e-04,2.322499999999999912e-02
5.546875000000000000e-01,5.625000000000000000e-01,4.402500000000000163e-02,1.502500000000000016e-02
4.609375000000000000e-01,3.125000000000000000e-01,6.999999999999999929e-04,1.474999999999999922e-02
5.000000000000000000e-01,5.703125000000000000e-01,1.264999999999999979e-02,1.322500000000000064e-02
4.062500000000000000e-01,3.671875000000000000e-01,2.249999999999999938e-04,1.299999999999999940e-02
5.234375000000000000e-01,5.312500000000000000e-01,1.159999999999999920e-02,1.170000000000000033e-02
4.296875000000000000e-01,3.593750000000000000e-01,1.749999999999999982e-04,1.077499999999999986e-02
5.156250000000000000e-01,5.078125000000000000e-01,1.034999999999999983e-02,4.924999999999999691e-03
4.218750000000000000e-01,3.281250000000000000e-01,4.749999999999999990e-04,3.599999999999999901e-03
5.000000000000000000e-01,4.531250000000000000e-01,1.200000000000000025e-02,2.037500000000000075e-02
3.515625000000000000e-01,3.437500000000000000e-01,2.000000000000000096e-04,7.974999999999999450e-03
4.765625000000000000e-01,3.750000000000000000e-01,3.249999999999999851e-04,6.100000000000000387e-03
2.578125000000000000e-01,3.437500000000000000e-01,2.500000000000000120e-05,6.825000000000000337e-03
4.296875000000000000e-01,3.671875000000000000e-01,0.000000000000000000e+00,6.250000000000000347e-03
4.843750000000000000e-01,4.453125000000000000e-01,1.817500000000000018e-02,3.219999999999999946e-02
4.609375000000000000e-01,3.281250000000000000e-01,3.750000000000000078e-04,1.512499999999999956e-02
4.218750000000000000e-01,2.421875000000000000e-01,7.499999999999999343e-05,1.382500000000000048e-02
3.671875000000000000e-01,2.500000000000000000e-01,4.000000000000000192e-04,1.427499999999999949e-02
2.734375000000000000e-01,2.343750000000000000e-01,5.000000000000000240e-05,1.430000000000000021e-02
5.000000000000000000e-01,3.671875000000000000e-01,3.027499999999999983e-02,3.537499999999999672e-02
4.609375000000000000e-01,3.437500000000000000e-01,3.750000000000000078e-04,1.377500000000000079e-02
4.296875000000000000e-01,2.968750000000000000e-01,1.499999999999999869e-04,1.569999999999999868e-02
2.421875000000000000e-01,3.203125000000000000e-01,1.499999999999999869e-04,1.942500000000000129e-02
3.359375000000000000e-01,2.343750000000000000e-01,7.499999999999999343e-05,2.004999999999999838e-02
4.765625000000000000e-01,4.296875000000000000e-01,3.022499999999999840e-02,1.947499999999999926e-02
4.453125000000000000e-01,3.515625000000000000e-01,3.499999999999999964e-04,2.050000000000000086e-02
3.515625000000000000e-01,2.656250000000000000e-01,3.750000000000000078e-04,3.084999999999999895e-02
4.062500000000000000e-01,2.890625000000000000e-01,3.249999999999999851e-04,1.692499999999999907e-02
2.578125000000000000e-01,2.656250000000000000e-01,2.500000000000000120e-05,3.107499999999999846e-02
5.000000000000000000e-01,4.609375000000000000e-01,2.614999999999999963e-02,1.227499999999999945e-02
4.765625000000000000e-01,3.906250000000000000e-01,1.499999999999999869e-04,5.774999999999999752e-03
4.453125000000000000e-01,4.375000000000000000e-01,1.000000000000000048e-04,4.049999999999999781e-03
4.843750000000000000e-01,6.093750000000000000e-01,1.162499999999999992e-02,6.799999999999999621e-03
3.671875000000000000e-01,5.078125000000000000e-01,3.750000000000000078e-04,7.000000000000000146e-03
4.609375000000000000e-01,5.312500000000000000e-01,5.000000000000000240e-05,5.799999999999999600e-03
2.734375000000000000e-01,4.531250000000000000e-01,1.000000000000000048e-04,7.974999999999999450e-03
4.218750000000000000e-01,4.453125000000000000e-01,0.000000000000000000e+00,5.924999999999999711e-03
5.390625000000000000e-01,6.093750000000000000e-01,1.554999999999999959e-02,1.319999999999999993e-02
4.843750000000000000e-01,4.921875000000000000e-01,4.000000000000000192e-04,1.370000000000000037e-02
2.343750000000000000e-01,4.218750000000000000e-01,5.000000000000000240e-05,3.577500000000000124e-02
3.281250000000000000e-01,4.375000000000000000e-01,2.500000000000000120e-05,1.527500000000000038e-02
4.453125000000000000e-01,4.687500000000000000e-01,1.250000000000000026e-04,1.464999999999999983e-02
5.546875000000000000e-01,3.984375000000000000e-01,3.269999999999999990e-02,3.645000000000000323e-02
5.000000000000000000e-01,3.046875000000000000e-01,7.499999999999999343e-05,1.752499999999999891e-02
4.296875000000000000e-01,2.890625000000000000e-01,2.249999999999999938e-04,3.937500000000000028e-02
2.187500000000000000e-01,3.593750000000000000e-01,1.499999999999999869e-04,1.324999999999999963e-02
3.125000000000000000e-01,3.281250000000000000e-01,2.500000000000000120e-05,1.400000000000000029e-02
4.843750000000000000e-01,3.281250000000000000e-01,2.000000000000000096e-04,3.427499999999999991e-02
5.000000000000000000e-01,4.609375000000000000e-01,3.112499999999999989e-02,1.669999999999999957e-02
3.515625000000000000e-01,3.593750000000000000e-01,4.249999999999999763e-04,2.647499999999999853e-02
2.578125000000000000e-01,3.515625000000000000e-01,3.249999999999999851e-04,4.975000000000000255e-03
5.234375000000000000e-01,4.921875000000000000e-01,1.342499999999999943e-02,1.250000000000000069e-02
4.765625000000000000e-01,3.750000000000000000e-01,2.500000000000000052e-04,1.524999999999999967e-02
4.062500000000000000e-01,3.593750000000000000e-01,1.000000000000000048e-04,1.107499999999999978e-02
5.156250000000000000e-01,5.546875000000000000e-01,1.115000000000000019e-02,4.375000000000000416e-03
5.000000000000000000e-01,5.078125000000000000e-01,1.137499999999999969e-02,1.257499999999999937e-02
4.843750000000000000e-01,5.234375000000000000e-01,7.499999999999999343e-05,7.349999999999999763e-03
2.968750000000000000e-01,4.218750000000000000e-01,3.750000000000000078e-04,1.154999999999999950e-02
4.218750000000000000e-01,4.062500000000000000e-01,1.749999999999999982e-04,1.460000000000000013e-02
4.453125000000000000e-01,3.515625000000000000e-01,2.999999999999999737e-04,1.179999999999999973e-02
4.843750000000000000e-01,5.937500000000000000e-01,1.085000000000000027e-02,3.850000000000000124e-03
2.421875000000000000e-01,5.156250000000000000e-01,7.499999999999999343e-05,3.350000000000000113e-03
3.359375000000000000e-01,5.078125000000000000e-01,0.000000000000000000e+00,2.425000000000000072e-02
4.765625000000000000e-01,5.703125000000000000e-01,1.499999999999999869e-04,1.335000000000000075e-02
5.156250000000000000e-01,5.390625000000000000e-01,1.200000000000000025e-02,1.209999999999999964e-02
4.609375000000000000e-01,4.843750000000000000e-01,1.499999999999999869e-04,1.432499999999999919e-02
3.906250000000000000e-01,3.281250000000000000e-01,5.500000000000000331e-04,9.624999999999999875e-03
5.000000000000000000e-01,5.468750000000000000e-01,1.032500000000000084e-02,3.200000000000000153e-03
4.765625000000000000e-01,4.921875000000000000e-01,9.974999999999999492e-03,6.174999999999999933e-03
4.843750000000000000e-01,5.546875000000000000e-01,5.000000000000000240e-05,1.425000000000000051e-02
2.890625000000000000e-01,4.375000000000000000e-01,2.500000000000000052e-04,1.327500000000000034e-02
4.062500000000000000e-01,3.984375000000000000e-01,2.500000000000000120e-05,1.787499999999999853e-02
4.296875000000000000e-01,3.437500000000000000e-01,3.750000000000000078e-04,1.299999999999999940e-02
2.343750000000000000e-01,4.062500000000000000e-01,1.209999999999999964e-02,2.475000000000000203e-03
3.281250000000000000e-01,4.609375000000000000e-01,2.999999999999999737e-04,2.945000000000000048e-02
4.765625000000000000e-01,5.078125000000000000e-01,3.249999999999999851e-04,6.499999999999999702e-03
4.609375000000000000e-01,4.609375000000000000e-01,1.250000000000000026e-04,5.799999999999999600e-03
5.000000000000000000e-01,4.453125000000000000e-01,1.195000000000000055e-02,1.142499999999999939e-02
4.531250000000000000e-01,3.437500000000000000e-01,2.500000000000000052e-04,5.199999999999999761e-03
3.828125000000000000e-01,4.453125000000000000e-01,2.500000000000000052e-04,1.032500000000000084e-02
4.218750000000000000e-01,3.125000000000000000e-01,2.500000000000000052e-04,6.199999999999999782e-03
3.906250000000000000e-01,4.453125000000000000e-01,1.044999999999999922e-02,5.275000000000000175e-03
4.843750000000000000e-01,5.625000000000000000e-01,0.000000000000000000e+00,4.275000000000000154e-03
4.609375000000000000e-01,4.218750000000000000e-01,3.249999999999999851e-04,3.249999999999999851e-03
5.781250000000000000e-01,6.562500000000000000e-01,9.749999999999999986e-03,1.310000000000000053e-02
5.156250000000000000e-01,4.609375000000000000e-01,5.000000000000000104e-04,5.525000000000000397e-03
4.218750000000000000e-01,4.296875000000000000e-01,7.499999999999999343e-05,5.100000000000000366e-03
3.281250000000000000e-01,4.296875000000000000e-01,7.499999999999999343e-05,3.775000000000000144e-03
4.843750000000000000e-01,4.375000000000000000e-01,5.000000000000000240e-05,6.949999999999999581e-03
5.703125000000000000e-01,6.093750000000000000e-01,1.124999999999999958e-02,5.425000000000000135e-03
4.218750000000000000e-01,3.515625000000000000e-01,2.000000000000000096e-04,1.735000000000000084e-02
5.156250000000000000e-01,4.062500000000000000e-01,3.249999999999999851e-04,5.199999999999999761e-03
5.234375000000000000e-01,4.375000000000000000e-01,5.000000000000000240e-05,4.150000000000000043e-03
5.000000000000000000e-01,3.750000000000000000e-01,7.499999999999999343e-05,5.174999999999999913e-03
5.546875000000000000e-01,4.687500000000000000e-01,1.157500000000000022e-02,1.600000000000000033e-02
5.156250000000000000e-01,3.437500000000000000e-01,2.999999999999999737e-04,3.399999999999999811e-03
5.312500000000000000e-01,3.437500000000000000e-01,5.500000000000000331e-04,8.449999999999999178e-03
4.843750000000000000e-01,2.656250000000000000e-01,1.000000000000000048e-04,5.125000000000000215e-03
5.078125000000000000e-01,5.468750000000000000e-02,4.249999999999999763e-04,2.500000000000000052e-03
5.468750000000000000e-01,4.140625000000000000e-01,1.260000000000000009e-02,5.875000000000000014e-03
4.765625000000000000e-01,3.125000000000000000e-01,2.500000000000000052e-04,6.899999999999999883e-03
4.218750000000000000e-01,2.890625000000000000e-01,5.249999999999999676e-04,9.299999999999999239e-03
5.156250000000000000e-01,2.343750000000000000e-01,0.000000000000000000e+00,5.000000000000000104e-03
4.609375000000000000e-01,5.546875000000000000e-01,1.105000000000000079e-02,1.244999999999999926e-02
3.671875000000000000e-01,4.140625000000000000e-01,5.000000000000000240e-05,2.002500000000000113e-02
5.156250000000000000e-01,5.859375000000000000e-01,1.517499999999999925e-02,2.892499999999999932e-02
4.218750000000000000e-01,2.812500000000000000e-01,1.075000000000000001e-03,3.147500000000000298e-02
5.234375000000000000e-01,5.000000000000000000e-01,3.379999999999999671e-02,1.594999999999999890e-02
4.296875000000000000e-01,3.281250000000000000e-01,2.249999999999999938e-04,1.722500000000000073e-02
4.765625000000000000e-01,5.937500000000000000e-01,1.329999999999999932e-02,1.455000000000000043e-02
3.828125000000000000e-01,3.671875000000000000e-01,2.999999999999999737e-04,1.315000000000000023e-02
5.000000000000000000e-01,5.781250000000000000e-01,1.192499999999999984e-02,1.162499999999999992e-02
4.062500000000000000e-01,4.218750000000000000e-01,1.749999999999999982e-04,1.077499999999999986e-02
3.906250000000000000e-01,4.375000000000000000e-01,1.037500000000000054e-02,5.324999999999999872e-03
4.843750000000000000e-01,5.937500000000000000e-01,5.000000000000000240e-05,4.425000000000000114e-03
4.765625000000000000e-01,5.937500000000000000e-01,1.085000000000000027e-02,1.704999999999999918e-02
4.453125000000000000e-01,4.296875000000000000e-01,3.249999999999999851e-04,1.604999999999999830e-02
3.906250000000000000e-01,4.375000000000000000e-01,7.499999999999999343e-05,9.875000000000000097e-03
2.343750000000000000e-01,5.000000000000000000e-01,1.499999999999999869e-04,1.162499999999999992e-02
3.281250000000000000e-01,4.843750000000000000e-01,1.250000000000000026e-04,1.232499999999999915e-02
4.609375000000000000e-01,5.390625000000000000e-01,1.469999999999999953e-02,3.137500000000000011e-02
4.296875000000000000e-01,4.218750000000000000e-01,2.249999999999999938e-04,1.592500000000000165e-02
3.906250000000000000e-01,3.281250000000000000e-01,1.749999999999999982e-04,1.317499999999999921e-02
3.359375000000000000e-01,3.750000000000000000e-01,1.499999999999999869e-04,1.042500000000000024e-02
2.421875000000000000e-01,4.062500000000000000e-01,7.499999999999999343e-05,1.255000000000000039e-02
4.765625000000000000e-01,5.156250000000000000e-01,2.832499999999999948e-02,3.497499999999999915e-02
4.062500000000000000e-01,4.140625000000000000e-01,2.500000000000000120e-05,1.602500000000000105e-02
4.296875000000000000e-01,4.375000000000000000e-01,2.500000000000000120e-05,1.862499999999999920e-02
2.187500000000000000e-01,3.593750000000000000e-01,2.500000000000000052e-04,3.635000000000000037e-02
3.125000000000000000e-01,3.281250000000000000e-01,1.000000000000000048e-04,1.675000000000000100e-02
4.453125000000000000e-01,5.078125000000000000e-01,3.282500000000000001e-02,1.762499999999999831e-02
3.281250000000000000e-01,4.062500000000000000e-01,2.000000000000000096e-04,3.785000000000000170e-02
4.218750000000000000e-01,4.453125000000000000e-01,0.000000000000000000e+00,1.752499999999999891e-02
3.828125000000000000e-01,3.828125000000000000e-01,2.500000000000000120e-05,3.462500000000000300e-02
2.343750000000000000e-01,4.218750000000000000e-01,4.499999999999999877e-04,3.577500000000000124e-02
4.453125000000000000e-01,4.140625000000000000e-01,2.797499999999999987e-02,7.000000000000000146e-03
4.765625000000000000e-01,4.531250000000000000e-01,7.499999999999999343e-05,9.175000000000000863e-03
4.218750000000000000e-01,3.671875000000000000e-01,1.749999999999999982e-04,5.875000000000000014e-03
4.609375000000000000e-01,6.250000000000000000e-01,1.287499999999999929e-02,9.324999999999999956e-03
2.421875000000000000e-01,4.921875000000000000e-01,2.000000000000000096e-04,1.032500000000000084e-02
4.296875000000000000e-01,4.921875000000000000e-01,1.250000000000000026e-04,8.024999999999999148e-03
3.359375000000000000e-01,4.453125000000000000e-01,2.500000000000000120e-05,8.925000000000000641e-03
3.906250000000000000e-01,4.218750000000000000e-01,0.000000000000000000e+00,7.624999999999999833e-03
5.156250000000000000e-01,7.031250000000000000e-01,1.720000000000000001e-02,1.417500000000000010e-02
2.031250000000000000e-01,5.781250000000000000e-01,1.000000000000000048e-04,3.334999999999999770e-02
2.968750000000000000e-01,5.234375000000000000e-01,2.500000000000000120e-05,1.752499999999999891e-02
4.609375000000000000e-01,5.156250000000000000e-01,2.750000000000000166e-04,1.682499999999999968e-02
4.218750000000000000e-01,5.078125000000000000e-01,2.500000000000000120e-05,1.192499999999999984e-02
4.765625000000000000e-01,3.515625000000000000e-01,3.282500000000000001e-02,1.582499999999999879e-02
5.234375000000000000e-01,3.750000000000000000e-01,1.499999999999999869e-04,3.772500000000000159e-02
1.953125000000000000e-01,3.281250000000000000e-01,1.000000000000000048e-04,1.619999999999999912e-02
2.890625000000000000e-01,2.890625000000000000e-01,4.000000000000000192e-04,1.727499999999999869e-02
4.062500000000000000e-01,2.890625000000000000e-01,1.250000000000000026e-04,3.830000000000000071e-02
4.609375000000000000e-01,1.250000000000000000e-01,4.000000000000000192e-04,3.325000000000000178e-02
4.765625000000000000e-01,5.078125000000000000e-01,3.102500000000000049e-02,1.634999999999999995e-02
2.343750000000000000e-01,3.828125000000000000e-01,2.249999999999999938e-04,3.150000000000000022e-03
3.281250000000000000e-01,3.593750000000000000e-01,0.000000000000000000e+00,2.769999999999999893e-02
5.000000000000000000e-01,4.531250000000000000e-01,1.412500000000000040e-02,1.262500000000000080e-02
4.531250000000000000e-01,3.593750000000000000e-01,7.749999999999999728e-04,1.507499999999999986e-02
3.828125000000000000e-01,3.750000000000000000e-01,1.000000000000000048e-04,1.220000000000000077e-02
4.843750000000000000e-01,5.468750000000000000e-01,1.097500000000000038e-02,4.525000000000000376e-03
4.765625000000000000e-01,5.234375000000000000e-01,1.127500000000000030e-02,1.365000000000000067e-02
3.906250000000000000e-01,3.437500000000000000e-01,6.499999999999999702e-04,1.157500000000000022e-02
4.609375000000000000e-01,4.453125000000000000e-01,1.250000000000000026e-04,7.624999999999999833e-03
2.734375000000000000e-01,3.984375000000000000e-01,1.499999999999999869e-04,1.272500000000000020e-02
4.218750000000000000e-01,3.203125000000000000e-01,2.500000000000000120e-05,1.727499999999999869e-02
4.609375000000000000e-01,5.234375000000000000e-01,1.209999999999999964e-02,1.612500000000000044e-02
4.453125000000000000e-01,4.765625000000000000e-01,2.249999999999999938e-04,1.545000000000000019e-02
3.125000000000000000e-01,3.203125000000000000e-01,2.249999999999999938e-04,2.719999999999999848e-02
2.187500000000000000e-01,3.906250000000000000e-01,3.750000000000000078e-04,4.474999999999999811e-03
4.843750000000000000e-01,5.000000000000000000e-01,1.342499999999999943e-02,1.297500000000000042e-02
4.296875000000000000e-01,3.203125000000000000e-01,2.999999999999999737e-04,1.395000000000000059e-02
3.671875000000000000e-01,3.359375000000000000e-01,2.500000000000000120e-05,1.157500000000000022e-02
4.765625000000000000e-01,4.453125000000000000e-01,1.177500000000000074e-02,1.850000000000000082e-03
4.609375000000000000e-01,3.125000000000000000e-01,1.110000000000000049e-02,1.712500000000000133e-02
2.578125000000000000e-01,3.359375000000000000e-01,2.249999999999999938e-04,1.552500000000000061e-02
3.828125000000000000e-01,2.031250000000000000e-01,7.749999999999999728e-04,1.982499999999999887e-02
4.062500000000000000e-01,2.421875000000000000e-01,7.499999999999999343e-05,1.375000000000000007e-02
4.453125000000000000e-01,2.421875000000000000e-01,1.000000000000000048e-04,7.000000000000000146e-03
4.296875000000000000e-01,3.203125000000000000e-01,1.287499999999999929e-02,6.224999999999999631e-03
4.453125000000000000e-01,3.515625000000000000e-01,4.000000000000000192e-04,5.950000000000000427e-03
2.031250000000000000e-01,2.187500000000000000e-01,1.000000000000000048e-04,4.575000000000000074e-03
2.968750000000000000e-01,2.968750000000000000e-01,5.500000000000000331e-04,3.092500000000000110e-02
4.687500000000000000e-01,3.828125000000000000e-01,1.255000000000000039e-02,1.282499999999999959e-02
3.906250000000000000e-01,2.031250000000000000e-01,5.999999999999999474e-04,7.900000000000000772e-03
3.515625000000000000e-01,2.500000000000000000e-01,2.500000000000000120e-05,2.292500000000000093e-02
4.218750000000000000e-01,2.343750000000000000e-01,7.499999999999999343e-05,5.950000000000000427e-03
4.609375000000000000e-01,4.843750000000000000e-01,1.162499999999999992e-02,4.599999999999999922e-03
4.296875000000000000e-01,3.984375000000000000e-01,3.499999999999999964e-04,3.374999999999999962e-03
5.546875000000000000e-01,5.546875000000000000e-01,1.167499999999999961e-02,1.359999999999999924e-02
2.968750000000000000e-01,3.671875000000000000e-01,4.749999999999999990e-04,4.725000000000000033e-03
3.359375000000000000e-01,3.203125000000000000e-01,1.749999999999999982e-04,5.000000000000000104e-03
4.843750000000000000e-01,3.828125000000000000e-01,1.250000000000000026e-04,4.749999999999999882e-03
3.906250000000000000e-01,2.734375000000000000e-01,1.499999999999999869e-04,6.049999999999999822e-03
4.609375000000000000e-01,1.562500000000000000e-01,7.499999999999999343e-05,4.525000000000000376e-03
5.390625000000000000e-01,5.234375000000000000e-01,1.175000000000000003e-02,5.150000000000000064e-03
3.906250000000000000e-01,3.203125000000000000e-01,4.249999999999999763e-04,3.822500000000000203e-02
5.156250000000000000e-01,3.750000000000000000e-01,3.249999999999999851e-04,4.400000000000000265e-03
4.687500000000000000e-01,3.125000000000000000e-01,1.250000000000000026e-04,5.024999999999999953e-03
4.843750000000000000e-01,2.890625000000000000e-01,0.000000000000000000e+00,6.899999999999999883e-03
5.234375000000000000e-01,4.140625000000000000e-01,1.082499999999999955e-02,1.274999999999999918e-02
5.000000000000000000e-01,2.734375000000000000e-01,7.249999999999999500e-04,6.725000000000000075e-03
4.531250000000000000e-01,3.125000000000000000e-01,7.499999999999999343e-05,6.575000000000000115e-03
4.843750000000000000e-01,3.515625000000000000e-01,1.499999999999999869e-04,5.499999999999999681e-03
4.765625000000000000e-01,1.328125000000000000e-01,3.249999999999999851e-04,1.750000000000000036e-03
5.156250000000000000e-01,4.687500000000000000e-01,1.182500000000000044e-02,7.000000000000000146e-03
4.453125000000000000e-01,3.281250000000000000e-01,2.500000000000000120e-05,4.725000000000000033e-03
4.843750000000000000e-01,3.203125000000000000e-01,4.249999999999999763e-04,6.324999999999999893e-03
5.234375000000000000e-01,6.406250000000000000e-01,1.140000000000000041e-02,1.432499999999999919e-02
4.296875000000000000e-01,4.218750000000000000e-01,3.499999999999999964e-04,7.599999999999999985e-03
3.359375000000000000e-01,3.984375000000000000e-01,3.249999999999999851e-04,6.300000000000000044e-03
5.781250000000000000e-01,6.875000000000000000e-01,1.257499999999999937e-02,3.674999999999999795e-02
3.906250000000000000e-01,4.296875000000000000e-01,4.749999999999999990e-04,2.127499999999999877e-02
4.843750000000000000e-01,4.921875000000000000e-01,0.000000000000000000e+00,1.915000000000000036e-02
5.937500000000000000e-01,5.312500000000000000e-01,3.515000000000000069e-02,1.285000000000000031e-02
4.062500000000000000e-01,3.203125000000000000e-01,4.000000000000000192e-04,1.392499999999999988e-02
5.000000000000000000e-01,2.500000000000000000e-01,2.249999999999999938e-04,1.190000000000000085e-02
3.515625000000000000e-01,4.453125000000000000e-01,1.129999999999999928e-02,1.370000000000000037e-02
5.390625000000000000e-01,5.156250000000000000e-01,2.500000000000000120e-05,1.197499999999999953e-02
4.453125000000000000e-01,3.281250000000000000e-01,1.499999999999999869e-04,1.444999999999999930e-02
5.625000000000000000e-01,5.859375000000000000e-01,1.080000000000000057e-02,1.147500000000000082e-02
3.750000000000000000e-01,4.531250000000000000e-01,2.249999999999999938e-04,1.200000000000000025e-02
4.687500000000000000e-01,4.765625000000000000e-01,3.249999999999999851e-04,1.427499999999999949e-02
5.546875000000000000e-01,6.484375000000000000e-01,1.017500000000000002e-02,1.025000000000000043e-02
3.671875000000000000e-01,5.156250000000000000e-01,1.250000000000000026e-04,5.975000000000000276e-03
4.609375000000000000e-01,4.375000000000000000e-01,0.000000000000000000e+00,4.499999999999999660e-03
5.390625000000000000e-01,5.937500000000000000e-01,9.900000000000000813e-03,1.469999999999999953e-02
5.156250000000000000e-01,5.312500000000000000e-01,1.749999999999999982e-04,5.049999999999999802e-03
4.687500000000000000e-01,5.000000000000000000e-01,2.500000000000000120e-05,6.174999999999999933e-03
2.968750000000000000e-01,5.156250000000000000e-01,7.499999999999999343e-05,1.452499999999999972e-02
3.906250000000000000e-01,4.921875000000000000e-01,5.000000000000000240e-05,8.949999999999999623e-03
5.234375000000000000e-01,5.937500000000000000e-01,1.384999999999999946e-02,2.912500000000000158e-02
5.000000000000000000e-01,5.156250000000000000e-01,3.249999999999999851e-04,1.287499999999999929e-02
4.609375000000000000e-01,4.531250000000000000e-01,2.750000000000000166e-04,1.080000000000000057e-02
3.125000000000000000e-01,4.843750000000000000e-01,1.749999999999999982e-04,2.939999999999999905e-02
4.062500000000000000e-01,3.515625000000000000e-01,5.000000000000000240e-05,8.725000000000000117e-03
5.390625000000000000e-01,4.453125000000000000e-01,2.667500000000000079e-02,3.479999999999999760e-02
3.515625000000000000e-01,3.203125000000000000e-01,5.999999999999999474e-04,3.112499999999999989e-02
2.578125000000000000e-01,3.359375000000000000e-01,2.000000000000000096e-04,1.025000000000000043e-02
5.000000000000000000e-01,3.671875000000000000e-01,2.750000000000000166e-04,1.214999999999999934e-02
4.687500000000000000e-01,3.046875000000000000e-01,7.499999999999999343e-05,1.037500000000000054e-02
5.156250000000000000e-01,5.312500000000000000e-01,2.744999999999999871e-02,1.557500000000000030e-02
4.843750000000000000e-01,4.218750000000000000e-01,5.000000000000000104e-04,1.565000000000000072e-02
4.453125000000000000e-01,3.515625000000000000e-01,2.500000000000000052e-04,2.832499999999999948e-02
2.968750000000000000e-01,3.750000000000000000e-01,5.000000000000000240e-05,2.705000000000000113e-02
3.906250000000000000e-01,3.281250000000000000e-01,2.500000000000000052e-04,2.695000000000000173e-02
5.156250000000000000e-01,5.234375000000000000e-01,2.317500000000000115e-02,7.349999999999999763e-03
5.390625000000000000e-01,5.781250000000000000e-01,2.500000000000000120e-05,1.307499999999999982e-02
4.843750000000000000e-01,3.828125000000000000e-01,5.000000000000000104e-04,4.850000000000000144e-03
5.234375000000000000e-01,6.718750000000000000e-01,1.165000000000000063e-02,6.525000000000000418e-03
5.000000000000000000e-01,6.093750000000000000e-01,2.000000000000000096e-04,5.875000000000000014e-03
3.125000000000000000e-01,5.312500000000000000e-01,5.000000000000000240e-05,6.949999999999999581e-03
4.062500000000000000e-01,5.468750000000000000e-01,5.000000000000000240e-05,5.799999999999999600e-03
4.609375000000000000e-01,5.234375000000000000e-01,1.250000000000000026e-04,4.899999999999999842e-03
5.781250000000000000e-01,7.421875000000000000e-01,1.510000000000000057e-02,1.975000000000000019e-02
5.234375000000000000e-01,5.937500000000000000e-01,1.749999999999999982e-04,2.295000000000000165e-02
2.734375000000000000e-01,5.859375000000000000e-01,7.499999999999999343e-05,1.640000000000000138e-02
3.671875000000000000e-01,5.859375000000000000e-01,7.499999999999999343e-05,1.597499999999999962e-02
4.843750000000000000e-01,6.015625000000000000e-01,5.000000000000000240e-05,1.930000000000000118e-02
5.937500000000000000e-01,6.093750000000000000e-01,3.362500000000000211e-02,2.804999999999999855e-02
5.390625000000000000e-01,4.921875000000000000e-01,2.000000000000000096e-04,1.375000000000000007e-02
5.234375000000000000e-01,4.609375000000000000e-01,1.749999999999999982e-04,2.779999999999999832e-02
4.843750000000000000e-01,5.234375000000000000e-01,5.000000000000000240e-05,1.392499999999999988e-02
2.578125000000000000e-01,4.765625000000000000e-01,1.499999999999999869e-04,9.724999999999999270e-03
3.515625000000000000e-01,4.531250000000000000e-01,7.499999999999999343e-05,1.124999999999999958e-02
5.390625000000000000e-01,5.234375000000000000e-01,2.687499999999999958e-02,1.372499999999999935e-02
5.703125000000000000e-01,5.781250000000000000e-01,1.182500000000000044e-02,1.287499999999999929e-02
4.765625000000000000e-01,3.359375000000000000e-01,1.000000000000000021e-03,1.347500000000000087e-02
5.000000000000000000e-01,2.734375000000000000e-01,2.000000000000000096e-04,1.619999999999999912e-02
5.546875000000000000e-01,6.562500000000000000e-01,1.067500000000000046e-02,1.182500000000000044e-02
5.390625000000000000e-01,6.484375000000000000e-01,1.175000000000000003e-02,1.849999999999999908e-02
5.234375000000000000e-01,4.062500000000000000e-01,2.500000000000000052e-04,1.969999999999999876e-02
4.843750000000000000e-01,4.609375000000000000e-01,1.499999999999999869e-04,2.220000000000000098e-02
5.937500000000000000e-01,6.562500000000000000e-01,1.004999999999999991e-02,1.315000000000000023e-02
6.171875000000000000e-01,6.796875000000000000e-01,1.230000000000000017e-02,1.540000000000000049e-02
5.703125000000000000e-01,5.781250000000000000e-01,1.000000000000000048e-04,1.890000000000000013e-02
5.000000000000000000e-01,4.218750000000000000e-01,5.249999999999999676e-04,2.174999999999999850e-03
6.093750000000000000e-01,6.953125000000000000e-01,1.437500000000000062e-02,4.449999999999999963e-03
5.156250000000000000e-01,5.390625000000000000e-01,2.249999999999999938e-04,5.749999999999999903e-03
5.937500000000000000e-01,6.562500000000000000e-01,1.122500000000000060e-02,1.700000000000000122e-02
5.781250000000000000e-01,6.093750000000000000e-01,1.000000000000000048e-04,8.449999999999999178e-03
5.156250000000000000e-01,5.937500000000000000e-01,1.000000000000000048e-04,2.404999999999999846e-02
2.968750000000000000e-01,5.468750000000000000e-01,2.750000000000000166e-04,1.689999999999999836e-02
5.390625000000000000e-01,5.625000000000000000e-01,0.000000000000000000e+00,2.052500000000000158e-02
3.906250000000000000e-01,5.625000000000000000e-01,7.499999999999999343e-05,6.525000000000000418e-03
5.781250000000000000e-01,6.562500000000000000e-01,1.590000000000000094e-02,7.875000000000000056e-03
5.703125000000000000e-01,6.328125000000000000e-01,1.499999999999999869e-04,1.877500000000000002e-02
3.359375000000000000e-01,5.468750000000000000e-01,2.500000000000000120e-05,7.550000000000000287e-03
2.421875000000000000e-01,5.937500000000000000e-01,7.499999999999999343e-05,6.000000000000000125e-03
6.093750000000000000e-01,6.640625000000000000e-01,1.370000000000000037e-02,4.799999999999999580e-03
5.156250000000000000e-01,5.781250000000000000e-01,2.000000000000000096e-04,5.300000000000000024e-03
5.546875000000000000e-01,5.625000000000000000e-01,7.499999999999999343e-05,1.727499999999999869e-02
4.843750000000000000e-01,5.312500000000000000e-01,2.249999999999999938e-04,1.162499999999999992e-02
4.609375000000000000e-01,5.234375000000000000e-01,2.500000000000000120e-05,1.165000000000000063e-02
5.937500000000000000e-01,6.718750000000000000e-01,1.129999999999999928e-02,6.700000000000000226e-03
5.234375000000000000e-01,6.250000000000000000e-01,3.499999999999999964e-04,6.875000000000000035e-03
5.000000000000000000e-01,5.234375000000000000e-01,7.499999999999999343e-05,2.425000000000000072e-03
4.765625000000000000e-01,5.781250000000000000e-01,1.000000000000000048e-04,3.150000000000000022e-03
5.781250000000000000e-01,6.484375000000000000e-01,1.282499999999999959e-02,5.049999999999999802e-03
5.546875000000000000e-01,5.781250000000000000e-01,2.500000000000000120e-05,5.525000000000000397e-03
3.359375000000000000e-01,5.234375000000000000e-01,1.499999999999999869e-04,5.725000000000000054e-03
2.421875000000000000e-01,5.390625000000000000e-01,7.499999999999999343e-05,6.024999999999999974e-03
5.234375000000000000e-01,5.234375000000000000e-01,0.000000000000000000e+00,4.825000000000000296e-03
4.843750000000000000e-01,5.390625000000000000e-01,7.499999999999999343e-05,4.049999999999999781e-03
5.000000000000000000e-01,5.000000000000000000e-01,0.000000000000000000e+00,4.275000000000000154e-03
3.515625000000000000e-01,6.953125000000000000e-01,9.724999999999999270e-03,3.350000000000000113e-03
2.578125000000000000e-01,6.640625000000000000e-01,7.499999999999999343e-05,2.099999999999999870e-03
6.328125000000000000e-01,7.578125000000000000e-01,9.700000000000000289e-03,2.802500000000000130e-02
6.093750000000000000e-01,6.875000000000000000e-01,7.499999999999999343e-05,3.582500000000000268e-02
5.390625000000000000e-01,6.328125000000000000e-01,5.000000000000000240e-05,2.815000000000000141e-02
5.156250000000000000e-01,5.781250000000000000e-01,5.000000000000000240e-05,2.464999999999999830e-02
4.453125000000000000e-01,5.234375000000000000e-01,5.000000000000000240e-05,3.649999999999999772e-02
5.781250000000000000e-01,6.718750000000000000e-01,5.000000000000000240e-05,3.487500000000000322e-02
4.843750000000000000e-01,5.468750000000000000e-01,1.000000000000000048e-04,2.687499999999999958e-02
6.484375000000000000e-01,6.406250000000000000e-01,3.392499999999999682e-02,2.125000000000000153e-03
4.609375000000000000e-01,6.015625000000000000e-01,2.500000000000000052e-04,9.599999999999999159e-03
5.546875000000000000e-01,6.250000000000000000e-01,5.000000000000000240e-05,1.267500000000000050e-02
5.781250000000000000e-01,6.171875000000000000e-01,1.167499999999999961e-02,1.170000000000000033e-02
5.000000000000000000e-01,6.093750000000000000e-01,1.000000000000000048e-04,5.349999999999999721e-03
5.937500000000000000e-01,6.562500000000000000e-01,0.000000000000000000e+00,5.624999999999999792e-03
4.453125000000000000e-01,6.250000000000000000e-01,1.749999999999999982e-04,5.624999999999999792e-03
3.515625000000000000e-01,5.859375000000000000e-01,2.000000000000000096e-04,4.199999999999999740e-03
6.171875000000000000e-01,6.328125000000000000e-01,1.119999999999999989e-02,3.399999999999999811e-03
5.703125000000000000e-01,5.625000000000000000e-01,1.000000000000000048e-04,1.129999999999999928e-02
5.234375000000000000e-01,5.468750000000000000e-01,1.499999999999999869e-04,5.300000000000000024e-03
5.390625000000000000e-01,5.390625000000000000e-01,0.000000000000000000e+00,5.049999999999999802e-03
5.000000000000000000e-01,5.468750000000000000e-01,1.749999999999999982e-04,6.825000000000000337e-03
4.453125000000000000e-01,5.234375000000000000e-01,1.000000000000000048e-04,1.227499999999999945e-02
6.093750000000000000e-01,7.109375000000000000e-01,1.087499999999999925e-02,1.247499999999999998e-02
5.781250000000000000e-01,5.625000000000000000e-01,1.000000000000000048e-04,7.950000000000000469e-03
4.843750000000000000e-01,6.171875000000000000e-01,1.749999999999999982e-04,8.574999999999999289e-03
3.906250000000000000e-01,5.703125000000000000e-01,1.250000000000000026e-04,1.312499999999999951e-02
5.156250000000000000e-01,5.703125000000000000e-01,5.000000000000000240e-05,8.000000000000000167e-03
5.390625000000000000e-01,4.843750000000000000e-01,1.000000000000000048e-04,8.375000000000000500e-03
5.781250000000000000e-01,6.406250000000000000e-01,1.110000000000000049e-02,5.950000000000000427e-03
5.390625000000000000e-01,5.000000000000000000e-01,5.249999999999999676e-04,3.024999999999999911e-03
4.843750000000000000e-01,5.625000000000000000e-01,2.500000000000000052e-04,3.599999999999999901e-03
5.156250000000000000e-01,3.984375000000000000e-01,5.000000000000000240e-05,1.799999999999999951e-03
4.453125000000000000e-01,5.625000000000000000e-01,2.500000000000000120e-05,3.650000000000000033e-03
6.484375000000000000e-01,7.265625000000000000e-01,1.507499999999999986e-02,1.592500000000000165e-02
5.546875000000000000e-01,5.859375000000000000e-01,2.999999999999999737e-04,1.457499999999999941e-02
5.781250000000000000e-01,6.250000000000000000e-01,0.000000000000000000e+00,1.855000000000000052e-02
4.296875000000000000e-01,5.937500000000000000e-01,1.000000000000000048e-04,1.510000000000000057e-02
4.843750000000000000e-01,5.781250000000000000e-01,2.500000000000000120e-05,1.542499999999999948e-02
5.234375000000000000e-01,5.781250000000000000e-01,7.499999999999999343e-05,1.222499999999999976e-02
6.171875000000000000e-01,6.796875000000000000e-01,2.902499999999999872e-02,2.154999999999999971e-02
5.937500000000000000e-01,5.859375000000000000e-01,1.749999999999999982e-04,2.487500000000000128e-02
4.062500000000000000e-01,5.390625000000000000e-01,2.000000000000000096e-04,1.895000000000000157e-02
5.546875000000000000e-01,5.234375000000000000e-01,2.500000000000000120e-05,2.392499999999999835e-02
5.000000000000000000e-01,5.078125000000000000e-01,2.500000000000000120e-05,1.797500000000000139e-02
5.234375000000000000e-01,5.468750000000000000e-01,0.000000000000000000e+00,1.994999999999999898e-02
4.609375000000000000e-01,5.468750000000000000e-01,1.250000000000000026e-04,2.104999999999999927e-02
6.171875000000000000e-01,5.937500000000000000e-01,3.690000000000000224e-02,1.124999999999999915e-03
5.000000000000000000e-01,4.765625000000000000e-01,2.249999999999999938e-04,7.249999999999999500e-04
5.234375000000000000e-01,5.156250000000000000e-01,2.500000000000000120e-05,1.525000000000000097e-03
4.062500000000000000e-01,4.765625000000000000e-01,7.499999999999999343e-05,1.374999999999999920e-03
5.937500000000000000e-01,5.390625000000000000e-01,1.000000000000000048e-04,7.749999999999999728e-04
4.609375000000000000e-01,4.375000000000000000e-01,7.499999999999999343e-05,7.249999999999999500e-04
5.546875000000000000e-01,4.531250000000000000e-01,0.000000000000000000e+00,6.750000000000000357e-04
5.156250000000000000e-01,4.140625000000000000e-01,8.524999999999999592e-03,6.749999999999999924e-03
4.765625000000000000e-01,3.437500000000000000e-01,3.249999999999999851e-04,2.094999999999999987e-02
3.515625000000000000e-01,7.031250000000000000e-02,2.999999999999999737e-04,2.925000000000000169e-02
2.578125000000000000e-01,2.187500000000000000e-01,1.749999999999999982e-04,2.755000000000000157e-02
4.453125000000000000e-01,3.046875000000000000e-01,5.000000000000000240e-05,1.872499999999999859e-02
5.000000000000000000e-01,4.453125000000000000e-01,1.422499999999999980e-02,1.272500000000000020e-02
4.296875000000000000e-01,3.828125000000000000e-01,4.249999999999999763e-04,5.575000000000000094e-03
4.843750000000000000e-01,5.312500000000000000e-01,1.089999999999999997e-02,1.527500000000000038e-02
4.765625000000000000e-01,4.453125000000000000e-01,2.750000000000000166e-04,1.499999999999999944e-02
4.218750000000000000e-01,3.984375000000000000e-01,2.500000000000000120e-05,1.335000000000000075e-02
5.156250000000000000e-01,5.859375000000000000e-01,1.069999999999999944e-02,3.950000000000000386e-03
3.906250000000000000e-01,4.765625000000000000e-01,2.750000000000000166e-04,1.899999999999999996e-03
5.000000000000000000e-01,5.234375000000000000e-01,1.499999999999999944e-02,7.425000000000000176e-03
4.843750000000000000e-01,4.921875000000000000e-01,1.499999999999999869e-04,7.450000000000000025e-03
3.515625000000000000e-01,3.984375000000000000e-01,1.749999999999999982e-04,3.822500000000000203e-02
4.609375000000000000e-01,4.218750000000000000e-01,7.499999999999999343e-05,1.757500000000000034e-02
4.296875000000000000e-01,3.593750000000000000e-01,2.500000000000000120e-05,5.725000000000000054e-03
2.578125000000000000e-01,3.984375000000000000e-01,7.499999999999999343e-05,3.099999999999999978e-02
4.843750000000000000e-01,6.015625000000000000e-01,1.197499999999999953e-02,1.527500000000000038e-02
4.062500000000000000e-01,5.625000000000000000e-01,1.499999999999999869e-04,2.132500000000000021e-02
4.765625000000000000e-01,6.093750000000000000e-01,1.382500000000000048e-02,1.370000000000000037e-02
4.609375000000000000e-01,5.625000000000000000e-01,1.250000000000000026e-04,1.370000000000000037e-02
3.828125000000000000e-01,4.453125000000000000e-01,1.260000000000000009e-02,5.499999999999999681e-03
5.000000000000000000e-01,5.546875000000000000e-01,1.499999999999999869e-04,6.525000000000000418e-03
4.453125000000000000e-01,5.156250000000000000e-01,3.499999999999999964e-04,5.700000000000000205e-03
4.296875000000000000e-01,6.250000000000000000e-01,5.774999999999999752e-03,3.024999999999999911e-03
4.843750000000000000e-01,5.078125000000000000e-01,8.524999999999999592e-03,6.024999999999999974e-03
3.671875000000000000e-01,3.906250000000000000e-01,2.500000000000000052e-04,3.575000000000000053e-03
2.734375000000000000e-01,3.906250000000000000e-01,7.499999999999999343e-05,3.425000000000000093e-03
3.906250000000000000e-01,4.062500000000000000e-01,7.499999999999999343e-05,3.449999999999999942e-03
4.218750000000000000e-01,4.140625000000000000e-01,2.500000000000000120e-05,4.899999999999999842e-03
2.421875000000000000e-01,6.171875000000000000e-01,1.012500000000000032e-02,2.550000000000000183e-03
5.781250000000000000e-01,6.093750000000000000e-01,7.624999999999999833e-03,5.950000000000000427e-03
3.906250000000000000e-01,6.484375000000000000e-01,1.749999999999999982e-04,8.349999999999999784e-03
5.546875000000000000e-01,4.843750000000000000e-01,7.499999999999999343e-05,6.700000000000000226e-03
4.843750000000000000e-01,4.765625000000000000e-01,1.499999999999999869e-04,5.675000000000000357e-03
3.359375000000000000e-01,4.609375000000000000e-01,1.749999999999999982e-04,6.224999999999999631e-03
5.234375000000000000e-01,3.437500000000000000e-01,1.000000000000000048e-04,6.425000000000000155e-03
5.156250000000000000e-01,5.859375000000000000e-01,1.745000000000000023e-02,3.049999999999999933e-02
3.515625000000000000e-01,5.468750000000000000e-01,1.749999999999999982e-04,7.077500000000000457e-02
2.578125000000000000e-01,5.625000000000000000e-01,5.000000000000000240e-05,4.825000000000000296e-03
4.453125000000000000e-01,5.234375000000000000e-01,0.000000000000000000e+00,1.880000000000000074e-02
4.843750000000000000e-01,5.546875000000000000e-01,0.000000000000000000e+00,2.947500000000000120e-02
3.906250000000000000e-01,6.250000000000000000e-01,1.329999999999999932e-02,1.500000000000000031e-03
4.453125000000000000e-01,6.875000000000000000e-01,1.305000000000000084e-02,2.987499999999999878e-02
4.843750000000000000e-01,6.093750000000000000e-01,1.147500000000000082e-02,6.150000000000000085e-03
4.609375000000000000e-01,5.781250000000000000e-01,1.250000000000000026e-04,5.499999999999999681e-03
4.843750000000000000e-01,5.781250000000000000e-01,1.340000000000000045e-02,2.827500000000000152e-02
4.062500000000000000e-01,4.687500000000000000e-01,1.749999999999999982e-04,1.907500000000000168e-02
2.578125000000000000e-01,4.843750000000000000e-01,2.000000000000000096e-04,1.799999999999999864e-02
4.609375000000000000e-01,3.671875000000000000e-01,1.362499999999999996e-02,1.232499999999999915e-02
4.296875000000000000e-01,3.828125000000000000e-01,3.249999999999999851e-04,3.225000000000000002e-03
4.765625000000000000e-01,4.609375000000000000e-01,1.202499999999999923e-02,5.300000000000000024e-03
2.578125000000000000e-01,4.140625000000000000e-01,2.500000000000000052e-04,3.249999999999999851e-03
3.515625000000000000e-01,3.750000000000000000e-01,2.000000000000000096e-04,3.237500000000000100e-02
4.218750000000000000e-01,2.968750000000000000e-01,5.000000000000000240e-05,3.625000000000000184e-03
4.062500000000000000e-01,3.359375000000000000e-01,2.249999999999999938e-04,3.174999999999999871e-03
5.390625000000000000e-01,6.250000000000000000e-01,1.162499999999999992e-02,1.600000000000000077e-03
4.296875000000000000e-01,4.218750000000000000e-01,1.499999999999999869e-04,3.874999999999999972e-03
4.062500000000000000e-01,3.593750000000000000e-01,1.749999999999999982e-04,5.400000000000000286e-03
5.781250000000000000e-01,6.328125000000000000e-01,1.392499999999999988e-02,4.749999999999999882e-03
4.218750000000000000e-01,4.218750000000000000e-01,5.249999999999999676e-04,4.275000000000000154e-03
4.843750000000000000e-01,5.000000000000000000e-01,1.250000000000000026e-04,5.049999999999999802e-03
4.687500000000000000e-01,4.218750000000000000e-01,1.515000000000000027e-02,1.492500000000000077e-02
2.578125000000000000e-01,4.062500000000000000e-01,5.000000000000000240e-05,1.699999999999999905e-03
4.062500000000000000e-01,2.656250000000000000e-01,6.999999999999999929e-04,1.582499999999999879e-02
3.906250000000000000e-01,3.281250000000000000e-01,1.287499999999999929e-02,3.232499999999999957e-02
2.968750000000000000e-01,3.593750000000000000e-01,1.250000000000000026e-04,3.824999999999999841e-03
4.609375000000000000e-01,4.296875000000000000e-01,1.499999999999999869e-04,4.150000000000000043e-03
5.937500000000000000e-01,5.546875000000000000e-01,1.167499999999999961e-02,1.485000000000000035e-02
5.156250000000000000e-01,4.453125000000000000e-01,2.000000000000000096e-04,3.924999999999999670e-03
4.453125000000000000e-01,3.750000000000000000e-01,4.249999999999999763e-04,1.554999999999999959e-02
5.234375000000000000e-01,4.453125000000000000e-01,1.432499999999999919e-02,4.825000000000000296e-03
5.546875000000000000e-01,5.234375000000000000e-01,0.000000000000000000e+00,1.717499999999999930e-02
4.609375000000000000e-01,3.906250000000000000e-01,2.999999999999999737e-04,4.749999999999999882e-03
4.609375000000000000e-01,3.437500000000000000e-01,1.617499999999999841e-02,2.422500000000000001e-02
5.156250000000000000e-01,3.281250000000000000e-01,2.500000000000000052e-04,4.174999999999999892e-03
3.125000000000000000e-01,3.046875000000000000e-01,5.000000000000000240e-05,1.990000000000000102e-02
3.984375000000000000e-01,3.046875000000000000e-01,0.000000000000000000e+00,5.449999999999999983e-03
5.390625000000000000e-01,4.375000000000000000e-01,1.749999999999999982e-04,4.474999999999999811e-03
5.000000000000000000e-01,3.437500000000000000e-01,1.662500000000000089e-02,6.550000000000000266e-03
5.234375000000000000e-01,4.375000000000000000e-01,7.499999999999999343e-05,4.749999999999999882e-03
4.062500000000000000e-01,2.343750000000000000e-01,2.500000000000000052e-04,6.275000000000000196e-03
2.734375000000000000e-01,3.203125000000000000e-01,3.499999999999999964e-04,1.697500000000000051e-02
4.765625000000000000e-01,4.609375000000000000e-01,6.450000000000000004e-03,7.700000000000000247e-03
5.156250000000000000e-01,4.375000000000000000e-01,8.099999999999999561e-03,9.124999999999999431e-03
4.843750000000000000e-01,3.593750000000000000e-01,1.250000000000000026e-04,7.224999999999999652e-03
4.218750000000000000e-01,2.734375000000000000e-01,4.749999999999999990e-04,8.349999999999999784e-03
2.578125000000000000e-01,3.281250000000000000e-01,5.999999999999999474e-04,2.394999999999999907e-02
2.421875000000000000e-01,2.968750000000000000e-01,2.120000000000000009e-02,3.937500000000000028e-02
5.234375000000000000e-01,4.218750000000000000e-01,0.000000000000000000e+00,8.185000000000000608e-02
4.609375000000000000e-01,2.890625000000000000e-01,8.249999999999999955e-04,1.547499999999999917e-02
4.843750000000000000e-01,3.437500000000000000e-01,2.500000000000000120e-05,1.612500000000000044e-02
4.062500000000000000e-01,2.031250000000000000e-01,5.000000000000000240e-05,4.127499999999999919e-02
4.765625000000000000e-01,2.968750000000000000e-01,3.844999999999999807e-02,6.527499999999999969e-02
2.578125000000000000e-01,2.812500000000000000e-01,7.499999999999999343e-05,4.334999999999999964e-02
3.515625000000000000e-01,2.265625000000000000e-01,2.500000000000000052e-04,1.197499999999999953e-02
4.453125000000000000e-01,1.796875000000000000e-01,4.499999999999999877e-04,6.454999999999999627e-02
5.156250000000000000e-01,3.125000000000000000e-01,3.885000000000000259e-02,2.517499999999999946e-02
2.031250000000000000e-01,2.812500000000000000e-01,2.000000000000000096e-04,1.615000000000000116e-02
2.968750000000000000e-01,2.109375000000000000e-01,4.249999999999999763e-04,6.004999999999999921e-02
5.390625000000000000e-01,3.515625000000000000e-01,1.817500000000000018e-02,4.924999999999999691e-03
4.843750000000000000e-01,3.828125000000000000e-01,1.490000000000000005e-02,1.552500000000000061e-02
3.671875000000000000e-01,2.500000000000000000e-01,2.999999999999999737e-04,1.919999999999999832e-02
4.609375000000000000e-01,2.187500000000000000e-01,5.000000000000000240e-05,5.000000000000000104e-03
4.218750000000000000e-01,2.343750000000000000e-01,1.749999999999999982e-04,5.975000000000000276e-03
5.000000000000000000e-01,3.203125000000000000e-01,1.669999999999999957e-02,1.607499999999999901e-02
3.515625000000000000e-01,2.734375000000000000e-01,4.249999999999999763e-04,8.574999999999999289e-03
4.296875000000000000e-01,2.812500000000000000e-01,3.499999999999999964e-04,8.500000000000000611e-03
4.765625000000000000e-01,3.359375000000000000e-01,5.000000000000000240e-05,1.682499999999999968e-02
4.843750000000000000e-01,2.734375000000000000e-01,2.765000000000000097e-02,8.544999999999999818e-02
5.156250000000000000e-01,3.359375000000000000e-01,0.000000000000000000e+00,8.365000000000000213e-02
4.453125000000000000e-01,2.656250000000000000e-01,1.749999999999999982e-04,8.110000000000000542e-02
2.031250000000000000e-01,2.656250000000000000e-01,2.249999999999999938e-04,8.429999999999999993e-02
2.968750000000000000e-01,1.875000000000000000e-01,2.249999999999999938e-04,8.487500000000000600e-02
5.546875000000000000e-01,2.890625000000000000e-01,1.250749999999999917e-01,5.550000000000000246e-03
5.156250000000000000e-01,3.593750000000000000e-01,4.725000000000000033e-03,6.324999999999999893e-03
5.234375000000000000e-01,4.375000000000000000e-01,3.749999999999999861e-03,2.625000000000000163e-03
4.609375000000000000e-01,4.375000000000000000e-01,2.874999999999999951e-03,3.824999999999999841e-03
4.843750000000000000e-01,4.921875000000000000e-01,3.425000000000000093e-03,9.749999999999999552e-04
2.500000000000000000e-01,4.140625000000000000e-01,3.824999999999999841e-03,1.317499999999999921e-02
3.437500000000000000e-01,3.984375000000000000e-01,1.000000000000000048e-04,1.422499999999999980e-02
5.781250000000000000e-01,4.375000000000000000e-01,2.975000000000000214e-03,3.249999999999999851e-03
5.468750000000000000e-01,5.000000000000000000e-01,3.474999999999999790e-03,4.199999999999999740e-03
5.546875000000000000e-01,5.312500000000000000e-01,3.425000000000000093e-03,6.425000000000000155e-03
4.609375000000000000e-01,5.156250000000000000e-01,3.200000000000000153e-03,3.775000000000000144e-03
5.000000000000000000e-01,4.531250000000000000e-01,3.299999999999999982e-03,8.000000000000000383e-04
3.515625000000000000e-01,4.531250000000000000e-01,3.775000000000000144e-03,4.349999999999999700e-03
4.453125000000000000e-01,5.937500000000000000e-01,2.500000000000000120e-05,3.850000000000000124e-03
2.578125000000000000e-01,3.984375000000000000e-01,7.499999999999999343e-05,2.275000000000000112e-03
5.390625000000000000e-01,4.609375000000000000e-01,4.250000000000000305e-03,2.724999999999999992e-03
5.078125000000000000e-01,4.765625000000000000e-01,3.174999999999999871e-03,4.250000000000000305e-03
4.843750000000000000e-01,6.250000000000000000e-01,3.350000000000000113e-03,5.749999999999999903e-03
5.156250000000000000e-01,5.234375000000000000e-01,4.249999999999999763e-04,1.275000000000000092e-03
4.218750000000000000e-01,5.000000000000000000e-01,4.024999999999999932e-03,2.975000000000000214e-03
4.453125000000000000e-01,4.218750000000000000e-01,2.775000000000000123e-03,6.499999999999999702e-04
5.781250000000000000e-01,4.375000000000000000e-01,5.975000000000000276e-03,3.225000000000000002e-03
5.468750000000000000e-01,5.078125000000000000e-01,3.374999999999999962e-03,3.374999999999999962e-03
5.546875000000000000e-01,6.406250000000000000e-01,3.449999999999999942e-03,6.975000000000000297e-03
2.421875000000000000e-01,4.687500000000000000e-01,5.249999999999999676e-04,7.250000000000000368e-03
3.359375000000000000e-01,4.140625000000000000e-01,1.000000000000000048e-04,7.474999999999999874e-03
4.609375000000000000e-01,4.921875000000000000e-01,3.874999999999999972e-03,3.174999999999999871e-03
4.843750000000000000e-01,3.203125000000000000e-01,3.225000000000000002e-03,8.000000000000000383e-04
4.921875000000000000e-01,6.250000000000000000e-01,3.275000000000000133e-03,4.324999999999999852e-03
2.578125000000000000e-01,5.156250000000000000e-01,2.500000000000000052e-04,1.549999999999999946e-03
3.515625000000000000e-01,5.703125000000000000e-01,0.000000000000000000e+00,2.674999999999999861e-03
4.765625000000000000e-01,4.453125000000000000e-01,3.750000000000000078e-04,2.024999999999999890e-03
5.703125000000000000e-01,5.234375000000000000e-01,3.850000000000000124e-03,2.024999999999999890e-03
5.312500000000000000e-01,4.921875000000000000e-01,2.625000000000000163e-03,4.074999999999999629e-03
5.156250000000000000e-01,5.390625000000000000e-01,9.749999999999999552e-04,1.500000000000000031e-03
5.234375000000000000e-01,6.171875000000000000e-01,1.649999999999999991e-03,2.324999999999999810e-03
5.390625000000000000e-01,5.078125000000000000e-01,5.500000000000000331e-04,5.049999999999999802e-03
4.453125000000000000e-01,5.000000000000000000e-01,3.650000000000000033e-03,3.850000000000000124e-03
4.765625000000000000e-01,4.843750000000000000e-01,3.449999999999999942e-03,2.374999999999999941e-03
5.234375000000000000e-01,4.531250000000000000e-01,7.074999999999999692e-03,4.049999999999999781e-03
4.921875000000000000e-01,4.687500000000000000e-01,3.000000000000000062e-03,5.224999999999999610e-03
4.453125000000000000e-01,4.687500000000000000e-01,3.749999999999999861e-03,4.899999999999999842e-03
5.000000000000000000e-01,4.765625000000000000e-01,2.000000000000000096e-04,4.700000000000000185e-03
3.515625000000000000e-01,4.140625000000000000e-01,1.499999999999999869e-04,1.244999999999999926e-02
4.765625000000000000e-01,5.312500000000000000e-01,3.550000000000000204e-03,2.625000000000000163e-03
4.453125000000000000e-01,5.468750000000000000e-01,3.275000000000000133e-03,7.249999999999999500e-04
5.703125000000000000e-01,5.390625000000000000e-01,3.374999999999999962e-03,5.100000000000000366e-03
5.546875000000000000e-01,5.156250000000000000e-01,3.225000000000000002e-03,3.399999999999999811e-03
5.156250000000000000e-01,5.937500000000000000e-01,2.925000000000000083e-03,1.275000000000000092e-03
2.187500000000000000e-01,4.921875000000000000e-01,3.524999999999999922e-03,6.675000000000000377e-03
3.125000000000000000e-01,4.843750000000000000e-01,5.000000000000000240e-05,3.524999999999999922e-03
5.234375000000000000e-01,5.312500000000000000e-01,1.499999999999999869e-04,5.850000000000000165e-03
4.609375000000000000e-01,5.468750000000000000e-01,3.399999999999999811e-03,2.399999999999999790e-03
4.843750000000000000e-01,4.687500000000000000e-01,2.224999999999999981e-03,6.999999999999999929e-04
2.343750000000000000e-01,5.625000000000000000e-01,1.474999999999999966e-03,1.899999999999999996e-03
3.281250000000000000e-01,6.250000000000000000e-01,7.499999999999999343e-05,1.750000000000000036e-03
3.359375000000000000e-01,5.781250000000000000e-01,2.125000000000000153e-03,5.074999999999999650e-03
2.421875000000000000e-01,5.859375000000000000e-01,1.749999999999999982e-04,8.975000000000000339e-03
5.781250000000000000e-01,5.312500000000000000e-01,2.850000000000000103e-03,3.174999999999999871e-03
5.468750000000000000e-01,5.625000000000000000e-01,3.249999999999999851e-03,4.624999999999999771e-03
2.500000000000000000e-01,5.625000000000000000e-01,2.850000000000000103e-03,7.100000000000000408e-03
5.546875000000000000e-01,5.625000000000000000e-01,2.000000000000000096e-04,6.725000000000000075e-03
3.437500000000000000e-01,6.171875000000000000e-01,5.000000000000000240e-05,7.275000000000000216e-03
4.843750000000000000e-01,5.937500000000000000e-01,3.299999999999999982e-03,3.350000000000000113e-03
5.000000000000000000e-01,5.625000000000000000e-01,2.874999999999999951e-03,1.199999999999999895e-03
4.453125000000000000e-01,6.484375000000000000e-01,4.049999999999999781e-03,5.074999999999999650e-03
3.515625000000000000e-01,5.312500000000000000e-01,2.500000000000000120e-05,4.499999999999999660e-03
2.578125000000000000e-01,5.156250000000000000e-01,1.000000000000000048e-04,2.925000000000000083e-03
5.234375000000000000e-01,5.156250000000000000e-01,3.899999999999999821e-03,3.725000000000000012e-03
4.921875000000000000e-01,5.546875000000000000e-01,3.275000000000000133e-03,1.197499999999999953e-02
5.234375000000000000e-01,6.093750000000000000e-01,3.299999999999999982e-03,2.899999999999999800e-03
5.000000000000000000e-01,5.390625000000000000e-01,2.999999999999999737e-04,5.599999999999999943e-03
4.296875000000000000e-01,5.781250000000000000e-01,3.575000000000000053e-03,3.350000000000000113e-03
4.765625000000000000e-01,5.859375000000000000e-01,3.075000000000000042e-03,1.049999999999999935e-03
5.937500000000000000e-01,5.859375000000000000e-01,6.024999999999999974e-03,3.099999999999999891e-03
5.625000000000000000e-01,5.546875000000000000e-01,2.975000000000000214e-03,3.899999999999999821e-03
5.703125000000000000e-01,5.859375000000000000e-01,3.449999999999999942e-03,6.899999999999999883e-03
2.578125000000000000e-01,5.390625000000000000e-01,7.499999999999999343e-05,3.275000000000000133e-03
3.515625000000000000e-01,5.781250000000000000e-01,0.000000000000000000e+00,4.199999999999999740e-03
5.546875000000000000e-01,5.390625000000000000e-01,2.500000000000000120e-05,3.650000000000000033e-03
5.000000000000000000e-01,5.546875000000000000e-01,3.625000000000000184e-03,3.449999999999999942e-03
5.234375000000000000e-01,5.468750000000000000e-01,2.599999999999999881e-03,1.449999999999999900e-03
3.906250000000000000e-01,5.937500000000000000e-01,3.924999999999999670e-03,2.024999999999999890e-03
2.968750000000000000e-01,5.156250000000000000e-01,7.499999999999999343e-05,1.100000000000000066e-03
5.156250000000000000e-01,5.781250000000000000e-01,2.500000000000000120e-05,5.224999999999999610e-03
4.687500000000000000e-01,5.546875000000000000e-01,7.499999999999999343e-05,3.150000000000000022e-03
4.843750000000000000e-01,5.468750000000000000e-01,0.000000000000000000e+00,3.524999999999999922e-03
5.781250000000000000e-01,5.937500000000000000e-01,4.224999999999999589e-03,2.550000000000000183e-03
5.546875000000000000e-01,5.546875000000000000e-01,2.799999999999999972e-03,4.275000000000000154e-03
5.234375000000000000e-01,5.000000000000000000e-01,9.499999999999999981e-04,2.075000000000000022e-03
5.390625000000000000e-01,6.328125000000000000e-01,1.949999999999999910e-03,1.549999999999999946e-03
5.625000000000000000e-01,5.859375000000000000e-01,7.500000000000000156e-04,6.324999999999999893e-03
4.843750000000000000e-01,5.703125000000000000e-01,3.125000000000000173e-03,3.799999999999999992e-03
5.156250000000000000e-01,5.625000000000000000e-01,2.799999999999999972e-03,1.275000000000000092e-03
5.390625000000000000e-01,4.765625000000000000e-01,6.749999999999999924e-03,2.625000000000000163e-03
5.078125000000000000e-01,5.000000000000000000e-01,2.949999999999999931e-03,3.824999999999999841e-03
2.968750000000000000e-01,3.984375000000000000e-01,2.874999999999999951e-03,1.412500000000000040e-02
3.906250000000000000e-01,3.593750000000000000e-01,2.500000000000000120e-05,4.074999999999999629e-03
5.156250000000000000e-01,5.078125000000000000e-01,7.500000000000000156e-04,8.975000000000000339e-03
4.843750000000000000e-01,4.609375000000000000e-01,4.499999999999999877e-04,2.550000000000000183e-03
4.218750000000000000e-01,5.000000000000000000e-01,3.650000000000000033e-03,3.749999999999999861e-03
4.687500000000000000e-01,4.375000000000000000e-01,3.350000000000000113e-03,1.075000000000000001e-03
3.359375000000000000e-01,5.078125000000000000e-01,4.899999999999999842e-03,5.575000000000000094e-03
2.421875000000000000e-01,5.078125000000000000e-01,5.000000000000000240e-05,4.675000000000000336e-03
5.546875000000000000e-01,4.375000000000000000e-01,3.150000000000000022e-03,1.575000000000000011e-02
5.156250000000000000e-01,5.312500000000000000e-01,3.524999999999999922e-03,1.002499999999999919e-02
5.234375000000000000e-01,5.078125000000000000e-01,4.324999999999999852e-03,6.474999999999999853e-03
3.906250000000000000e-01,6.718750000000000000e-01,1.749999999999999982e-04,1.462500000000000085e-02
2.968750000000000000e-01,5.703125000000000000e-01,2.500000000000000052e-04,1.412500000000000040e-02
4.609375000000000000e-01,4.843750000000000000e-01,4.199999999999999740e-03,3.275000000000000133e-03
4.843750000000000000e-01,5.156250000000000000e-01,3.000000000000000062e-03,4.950000000000000407e-03
5.546875000000000000e-01,4.921875000000000000e-01,5.950000000000000427e-03,3.174999999999999871e-03
5.156250000000000000e-01,5.468750000000000000e-01,3.050000000000000194e-03,6.324999999999999893e-03
4.062500000000000000e-01,6.796875000000000000e-01,3.075000000000000042e-03,4.400000000000000265e-03
3.125000000000000000e-01,5.312500000000000000e-01,4.000000000000000192e-04,4.250000000000000305e-03
5.234375000000000000e-01,5.390625000000000000e-01,4.249999999999999763e-04,6.949999999999999581e-03
4.296875000000000000e-01,5.625000000000000000e-01,3.500000000000000073e-03,2.674999999999999861e-03
4.687500000000000000e-01,4.687500000000000000e-01,2.724999999999999992e-03,7.249999999999999500e-04
3.515625000000000000e-01,6.406250000000000000e-01,3.075000000000000042e-03,5.174999999999999913e-03
2.578125000000000000e-01,6.093750000000000000e-01,1.499999999999999869e-04,4.375000000000000416e-03
5.625000000000000000e-01,5.468750000000000000e-01,3.399999999999999811e-03,2.975000000000000214e-03
5.312500000000000000e-01,5.390625000000000000e-01,2.799999999999999972e-03,3.150000000000000022e-03
3.671875000000000000e-01,6.562500000000000000e-01,1.175000000000000046e-03,8.249999999999999955e-04
2.734375000000000000e-01,5.546875000000000000e-01,2.750000000000000166e-04,7.249999999999999500e-04
5.390625000000000000e-01,5.390625000000000000e-01,1.874999999999999931e-03,1.050000000000000065e-02
3.750000000000000000e-01,6.562500000000000000e-01,5.249999999999999676e-04,1.322500000000000064e-02
2.812500000000000000e-01,5.625000000000000000e-01,2.750000000000000166e-04,1.420000000000000082e-02
4.453125000000000000e-01,5.390625000000000000e-01,3.425000000000000093e-03,3.749999999999999861e-03
5.000000000000000000e-01,4.921875000000000000e-01,3.674999999999999881e-03,5.199999999999999761e-03
5.390625000000000000e-01,4.296875000000000000e-01,6.450000000000000004e-03,3.725000000000000012e-03
5.078125000000000000e-01,5.078125000000000000e-01,2.824999999999999820e-03,4.599999999999999922e-03
5.156250000000000000e-01,5.859375000000000000e-01,3.024999999999999911e-03,9.724999999999999270e-03
3.906250000000000000e-01,4.375000000000000000e-01,2.500000000000000120e-05,2.104999999999999927e-02
2.968750000000000000e-01,4.687500000000000000e-01,2.750000000000000166e-04,9.275000000000000258e-03
4.453125000000000000e-01,5.390625000000000000e-01,3.024999999999999911e-03,4.924999999999999691e-03
4.843750000000000000e-01,5.468750000000000000e-01,3.725000000000000012e-03,3.474999999999999790e-03
5.546875000000000000e-01,5.156250000000000000e-01,6.875000000000000035e-03,4.199999999999999740e-03
5.156250000000000000e-01,5.234375000000000000e-01,2.775000000000000123e-03,1.154999999999999950e-02
3.359375000000000000e-01,5.312500000000000000e-01,3.599999999999999901e-03,2.387500000000000039e-02
4.296875000000000000e-01,5.703125000000000000e-01,0.000000000000000000e+00,1.269999999999999948e-02
5.234375000000000000e-01,5.703125000000000000e-01,5.000000000000000240e-05,8.325000000000000802e-03
4.609375000000000000e-01,5.546875000000000000e-01,3.200000000000000153e-03,4.850000000000000144e-03
4.843750000000000000e-01,6.406250000000000000e-01,3.799999999999999992e-03,1.675000000000000057e-03
5.781250000000000000e-01,6.406250000000000000e-01,7.275000000000000216e-03,4.700000000000000185e-03
5.468750000000000000e-01,6.250000000000000000e-01,3.924999999999999670e-03,3.824999999999999841e-03
5.546875000000000000e-01,5.937500000000000000e-01,3.975000000000000235e-03,8.824999999999999512e-03
4.375000000000000000e-01,6.093750000000000000e-01,4.000000000000000192e-04,6.049999999999999822e-03
3.437500000000000000e-01,5.781250000000000000e-01,2.249999999999999938e-04,7.624999999999999833e-03
4.609375000000000000e-01,6.093750000000000000e-01,3.449999999999999942e-03,4.975000000000000255e-03
5.078125000000000000e-01,6.015625000000000000e-01,3.950000000000000386e-03,1.575000000000000011e-03
4.453125000000000000e-01,7.109375000000000000e-01,5.599999999999999943e-03,5.749999999999999903e-03
3.515625000000000000e-01,6.093750000000000000e-01,3.750000000000000078e-04,5.100000000000000366e-03
2.578125000000000000e-01,5.625000000000000000e-01,1.000000000000000048e-04,3.524999999999999922e-03
5.390625000000000000e-01,5.000000000000000000e-01,4.749999999999999882e-03,2.524999999999999901e-03
5.078125000000000000e-01,4.531250000000000000e-01,3.350000000000000113e-03,3.449999999999999942e-03
5.156250000000000000e-01,5.078125000000000000e-01,3.299999999999999982e-03,1.474999999999999966e-03
4.843750000000000000e-01,7.343750000000000000e-01,7.499999999999999343e-05,6.700000000000000226e-03
3.906250000000000000e-01,6.093750000000000000e-01,4.499999999999999877e-04,1.140000000000000041e-02
4.218750000000000000e-01,5.625000000000000000e-01,3.674999999999999881e-03,2.674999999999999861e-03
4.453125000000000000e-01,4.687500000000000000e-01,2.449999999999999921e-03,7.749999999999999728e-04
5.781250000000000000e-01,5.078125000000000000e-01,6.300000000000000044e-03,2.975000000000000214e-03
5.468750000000000000e-01,5.390625000000000000e-01,3.125000000000000173e-03,1.624999999999999925e-03
5.546875000000000000e-01,6.875000000000000000e-01,3.374999999999999962e-03,7.324999999999999914e-03
2.421875000000000000e-01,5.859375000000000000e-01,2.500000000000000120e-05,9.199999999999999845e-03
3.359375000000000000e-01,5.625000000000000000e-01,0.000000000000000000e+00,8.474999999999999895e-03
4.609375000000000000e-01,6.015625000000000000e-01,3.750000000000000078e-04,7.100000000000000408e-03
4.843750000000000000e-01,5.468750000000000000e-01,3.824999999999999841e-03,3.350000000000000113e-03
5.234375000000000000e-01,5.625000000000000000e-01,2.799999999999999972e-03,1.250000000000000026e-03
5.000000000000000000e-01,6.015625000000000000e-01,5.174999999999999913e-03,2.899999999999999800e-03
4.062500000000000000e-01,5.859375000000000000e-01,5.000000000000000240e-05,1.724999999999999971e-03
4.765625000000000000e-01,5.859375000000000000e-01,0.000000000000000000e+00,3.125000000000000173e-03
3.515625000000000000e-01,6.562500000000000000e-01,7.499999999999999343e-05,3.174999999999999871e-03
2.578125000000000000e-01,6.328125000000000000e-01,2.500000000000000120e-05,2.024999999999999890e-03
5.703125000000000000e-01,5.625000000000000000e-01,5.550000000000000246e-03,1.925000000000000062e-03
5.312500000000000000e-01,5.625000000000000000e-01,2.000000000000000042e-03,3.650000000000000033e-03
5.156250000000000000e-01,6.015625000000000000e-01,1.374999999999999920e-03,1.100000000000000066e-03
4.218750000000000000e-01,4.921875000000000000e-01,7.499999999999999343e-05,9.499999999999999981e-04
5.390625000000000000e-01,5.000000000000000000e-01,1.600000000000000077e-03,7.450000000000000025e-03
5.234375000000000000e-01,6.250000000000000000e-01,3.249999999999999851e-04,5.100000000000000366e-03
4.296875000000000000e-01,6.796875000000000000e-01,2.000000000000000096e-04,7.624999999999999833e-03
4.765625000000000000e-01,5.781250000000000000e-01,3.824999999999999841e-03,3.575000000000000053e-03
5.000000000000000000e-01,5.625000000000000000e-01,2.775000000000000123e-03,1.250000000000000026e-03
5.234375000000000000e-01,6.015625000000000000e-01,7.275000000000000216e-03,1.315000000000000023e-02
4.921875000000000000e-01,5.546875000000000000e-01,3.550000000000000204e-03,4.725000000000000033e-03
2.578125000000000000e-01,5.625000000000000000e-01,3.950000000000000386e-03,5.250000000000000326e-03
3.515625000000000000e-01,5.546875000000000000e-01,0.000000000000000000e+00,5.174999999999999913e-03
5.000000000000000000e-01,5.312500000000000000e-01,5.000000000000000240e-05,4.899999999999999842e-03
4.765625000000000000e-01,5.546875000000000000e-01,3.474999999999999790e-03,2.524999999999999901e-03
4.453125000000000000e-01,6.093750000000000000e-01,2.724999999999999992e-03,2.975000000000000214e-03
3.515625000000000000e-01,5.625000000000000000e-01,2.224999999999999981e-03,7.749999999999999728e-04
5.156250000000000000e-01,6.015625000000000000e-01,7.499999999999999343e-05,1.000000000000000021e-03
5.390625000000000000e-01,6.015625000000000000e-01,5.000000000000000240e-05,9.499999999999999981e-04
2.578125000000000000e-01,4.687500000000000000e-01,5.000000000000000240e-05,6.999999999999999929e-04
3.515625000000000000e-01,6.953125000000000000e-01,1.750000000000000036e-03,1.224999999999999960e-03
5.390625000000000000e-01,5.703125000000000000e-01,0.000000000000000000e+00,4.425000000000000114e-03
5.156250000000000000e-01,6.093750000000000000e-01,1.000000000000000048e-04,4.125000000000000194e-03
2.578125000000000000e-01,5.390625000000000000e-01,1.000000000000000048e-04,6.999999999999999929e-04
4.453125000000000000e-01,5.390625000000000000e-01,3.899999999999999821e-03,1.850000000000000082e-03
5.156250000000000000e-01,5.546875000000000000e-01,2.099999999999999870e-03,2.324999999999999810e-03
3.906250000000000000e-01,5.000000000000000000e-01,2.999999999999999737e-04,8.850000000000000228e-03
4.218750000000000000e-01,5.703125000000000000e-01,1.749999999999999982e-04,1.575000000000000011e-03
4.843750000000000000e-01,6.328125000000000000e-01,8.750000000000000182e-04,1.224999999999999960e-03
4.843750000000000000e-01,6.015625000000000000e-01,2.125000000000000153e-03,3.399999999999999811e-03
4.453125000000000000e-01,6.484375000000000000e-01,2.249999999999999938e-04,3.225000000000000002e-03
3.515625000000000000e-01,5.703125000000000000e-01,1.499999999999999869e-04,5.349999999999999721e-03
4.218750000000000000e-01,5.468750000000000000e-01,2.249999999999999938e-04,8.750000000000000182e-04
3.671875000000000000e-01,3.593750000000000000e-01,6.499999999999999702e-04,1.049999999999999935e-03
4.218750000000000000e-01,6.093750000000000000e-01,2.374999999999999941e-03,2.150000000000000001e-03
5.781250000000000000e-01,6.562500000000000000e-01,2.599999999999999881e-03,2.324999999999999810e-03
5.390625000000000000e-01,5.312500000000000000e-01,2.249999999999999938e-04,2.200000000000000133e-03
4.453125000000000000e-01,4.765625000000000000e-01,1.749999999999999982e-04,7.749999999999999728e-04
4.843750000000000000e-01,5.546875000000000000e-01,2.750000000000000166e-04,2.850000000000000103e-03
5.156250000000000000e-01,6.562500000000000000e-01,1.699999999999999905e-03,2.000000000000000042e-03
5.781250000000000000e-01,7.031250000000000000e-01,2.824999999999999820e-03,8.075000000000000580e-03
3.359375000000000000e-01,5.156250000000000000e-01,5.000000000000000240e-05,6.575000000000000115e-03
4.609375000000000000e-01,6.093750000000000000e-01,1.000000000000000048e-04,7.774999999999999793e-03
5.546875000000000000e-01,6.406250000000000000e-01,7.499999999999999343e-05,7.649999999999999682e-03
4.843750000000000000e-01,7.421875000000000000e-01,2.500000000000000120e-05,8.999999999999999320e-03
5.156250000000000000e-01,5.625000000000000000e-01,4.300000000000000003e-03,1.699999999999999905e-03
5.234375000000000000e-01,6.328125000000000000e-01,3.024999999999999911e-03,1.224999999999999960e-03
4.609375000000000000e-01,5.468750000000000000e-01,3.125000000000000173e-03,2.000000000000000042e-03
5.546875000000000000e-01,6.250000000000000000e-01,2.500000000000000120e-05,4.024999999999999932e-03
4.296875000000000000e-01,5.625000000000000000e-01,5.000000000000000240e-05,6.825000000000000337e-03
5.234375000000000000e-01,6.250000000000000000e-01,2.249999999999999938e-04,3.550000000000000204e-03
4.609375000000000000e-01,5.937500000000000000e-01,4.024999999999999932e-03,1.624999999999999925e-03
5.156250000000000000e-01,5.937500000000000000e-01,2.200000000000000133e-03,1.525000000000000097e-03
5.390625000000000000e-01,5.859375000000000000e-01,5.000000000000000240e-05,1.100000000000000066e-03
4.218750000000000000e-01,5.859375000000000000e-01,7.499999999999999343e-05,1.199999999999999895e-03
4.453125000000000000e-01,2.109375000000000000e-01,8.249999999999999955e-04,1.025000000000000086e-03
4.843750000000000000e-01,6.953125000000000000e-01,5.000000000000000240e-05,1.549999999999999946e-03
5.156250000000000000e-01,5.234375000000000000e-01,1.624999999999999925e-03,7.700000000000000247e-03
5.390625000000000000e-01,6.328125000000000000e-01,2.999999999999999737e-04,6.224999999999999631e-03
4.921875000000000000e-01,5.859375000000000000e-01,3.499999999999999964e-04,7.300000000000000065e-03
3.515625000000000000e-01,4.843750000000000000e-01,2.999999999999999737e-04,9.624999999999999875e-03
3.984375000000000000e-01,5.234375000000000000e-01,2.500000000000000120e-05,1.047499999999999994e-02
4.218750000000000000e-01,4.531250000000000000e-01,2.500000000000000120e-05,7.000000000000000146e-03
4.453125000000000000e-01,4.140625000000000000e-01,3.499999999999999964e-04,8.574999999999999289e-03
4.609375000000000000e-01,6.015625000000000000e-01,3.824999999999999841e-03,5.875000000000000014e-03
4.687500000000000000e-01,4.687500000000000000e-01,3.500000000000000073e-03,2.674999999999999861e-03
5.234375000000000000e-01,6.640625000000000000e-01,3.474999999999999790e-03,7.074999999999999692e-03
5.000000000000000000e-01,6.015625000000000000e-01,5.000000000000000240e-05,6.250000000000000347e-03
4.062500000000000000e-01,5.312500000000000000e-01,5.000000000000000104e-04,7.599999999999999985e-03
4.296875000000000000e-01,5.078125000000000000e-01,5.000000000000000240e-05,6.799999999999999621e-03
3.515625000000000000e-01,4.609375000000000000e-01,3.750000000000000078e-04,6.425000000000000155e-03
4.687500000000000000e-01,5.390625000000000000e-01,2.749999999999999840e-03,3.225000000000000002e-03
4.765625000000000000e-01,6.093750000000000000e-01,2.324999999999999810e-03,1.425000000000000051e-03
3.515625000000000000e-01,5.546875000000000000e-01,3.850000000000000124e-03,6.750000000000000357e-04
4.453125000000000000e-01,5.937500000000000000e-01,2.500000000000000120e-05,8.249999999999999955e-04
4.843750000000000000e-01,7.187500000000000000e-01,0.000000000000000000e+00,1.549999999999999946e-03
5.390625000000000000e-01,5.859375000000000000e-01,7.499999999999999343e-05,5.999999999999999474e-04
5.781250000000000000e-01,6.015625000000000000e-01,0.000000000000000000e+00,5.500000000000000331e-04
5.156250000000000000e-01,3.750000000000000000e-01,5.500000000000000331e-04,6.499999999999999702e-04
5.781250000000000000e-01,7.031250000000000000e-01,1.199999999999999895e-03,7.300000000000000065e-03
3.515625000000000000e-01,5.703125000000000000e-01,2.999999999999999737e-04,6.725000000000000075e-03
5.390625000000000000e-01,5.781250000000000000e-01,0.000000000000000000e+00,8.274999999999999370e-03
4.453125000000000000e-01,6.406250000000000000e-01,1.749999999999999982e-04,5.700000000000000205e-03
5.156250000000000000e-01,4.531250000000000000e-01,3.249999999999999851e-04,1.689999999999999836e-02
2.968750000000000000e-01,5.937500000000000000e-01,1.167499999999999961e-02,6.049999999999999822e-03
3.906250000000000000e-01,6.250000000000000000e-01,0.000000000000000000e+00,6.400000000000000307e-03
5.625000000000000000e-01,6.328125000000000000e-01,9.450000000000000067e-03,1.649999999999999991e-03
3.359375000000000000e-01,5.703125000000000000e-01,4.749999999999999990e-04,1.325000000000000006e-03
4.296875000000000000e-01,5.937500000000000000e-01,0.000000000000000000e+00,6.999999999999999929e-04
4.843750000000000000e-01,5.781250000000000000e-01,1.250000000000000026e-04,1.124999999999999915e-03
5.546875000000000000e-01,6.015625000000000000e-01,1.499999999999999869e-04,1.399999999999999986e-03
5.234375000000000000e-01,5.859375000000000000e-01,5.000000000000000240e-05,1.325000000000000006e-03
5.468750000000000000e-01,5.703125000000000000e-01,3.425000000000000093e-03,1.124999999999999915e-03
3.906250000000000000e-01,5.312500000000000000e-01,3.499999999999999964e-04,6.250000000000000130e-04
4.765625000000000000e-01,4.140625000000000000e-01,1.250000000000000026e-04,6.499999999999999702e-04
5.234375000000000000e-01,3.046875000000000000e-01,7.499999999999999343e-05,8.750000000000000182e-04
2.968750000000000000e-01,4.296875000000000000e-01,7.499999999999999343e-05,7.500000000000000156e-04
5.546875000000000000e-01,5.859375000000000000e-01,2.724999999999999992e-03,8.000000000000000383e-04
4.843750000000000000e-01,6.015625000000000000e-01,7.499999999999999343e-05,1.224999999999999960e-03
5.234375000000000000e-01,4.296875000000000000e-01,1.250000000000000026e-04,8.000000000000000383e-04
4.296875000000000000e-01,5.859375000000000000e-01,7.499999999999999343e-05,6.999999999999999929e-04
3.359375000000000000e-01,4.843750000000000000e-01,1.250000000000000026e-04,7.749999999999999728e-04
5.546875000000000000e-01,5.234375000000000000e-01,2.850000000000000103e-03,9.749999999999999552e-04
4.843750000000000000e-01,6.250000000000000000e-01,2.000000000000000096e-04,1.075000000000000001e-03
5.390625000000000000e-01,5.781250000000000000e-01,0.000000000000000000e+00,1.224999999999999960e-03
4.453125000000000000e-01,5.703125000000000000e-01,5.000000000000000240e-05,8.000000000000000383e-04
3.515625000000000000e-01,5.703125000000000000e-01,2.500000000000000120e-05,8.499999999999999526e-04
5.156250000000000000e-01,5.312500000000000000e-01,1.250000000000000026e-04,1.025000000000000086e-03
3.906250000000000000e-01,5.468750000000000000e-01,3.374999999999999962e-03,6.999999999999999929e-04
4.453125000000000000e-01,5.390625000000000000e-01,7.499999999999999343e-05,9.250000000000000409e-04
2.968750000000000000e-01,4.843750000000000000e-01,2.500000000000000120e-05,6.750000000000000357e-04
5.312500000000000000e-01,6.093750000000000000e-01,5.000000000000000240e-05,1.549999999999999946e-03
5.078125000000000000e-01,3.828125000000000000e-01,4.749999999999999990e-04,6.250000000000000130e-04
5.390625000000000000e-01,5.703125000000000000e-01,2.674999999999999861e-03,8.750000000000000182e-04
5.156250000000000000e-01,5.703125000000000000e-01,2.500000000000000120e-05,1.350000000000000071e-03
4.453125000000000000e-01,4.765625000000000000e-01,1.250000000000000026e-04,6.250000000000000130e-04
3.515625000000000000e-01,1.406250000000000000e-01,1.124999999999999915e-03,2.500000000000000120e-05
4.609375000000000000e-01,5.859375000000000000e-01,2.000000000000000042e-03,6.250000000000000130e-04
5.312500000000000000e-01,6.328125000000000000e-01,2.500000000000000120e-05,1.400000000000000029e-02
3.671875000000000000e-01,5.781250000000000000e-01,5.000000000000000240e-05,8.000000000000000383e-04
4.843750000000000000e-01,6.093750000000000000e-01,2.500000000000000052e-04,2.824999999999999820e-03
5.078125000000000000e-01,5.312500000000000000e-01,1.250000000000000026e-04,8.600000000000000006e-03
5.156250000000000000e-01,1.953125000000000000e-01,3.249999999999999851e-04,3.700000000000000164e-03
3.906250000000000000e-01,5.390625000000000000e-01,2.700000000000000143e-03,6.499999999999999702e-04
2.968750000000000000e-01,4.453125000000000000e-01,2.249999999999999938e-04,6.999999999999999929e-04
4.765625000000000000e-01,5.390625000000000000e-01,3.499999999999999964e-04,1.624999999999999925e-03
4.843750000000000000e-01,5.546875000000000000e-01,2.850000000000000103e-03,1.275000000000000092e-03
3.671875000000000000e-01,4.218750000000000000e-01,1.250000000000000026e-04,7.500000000000000156e-04
4.609375000000000000e-01,3.906250000000000000e-01,2.500000000000000120e-05,6.999999999999999929e-04
5.000000000000000000e-01,5.937500000000000000e-01,1.250000000000000026e-03,1.750000000000000036e-03
4.843750000000000000e-01,6.250000000000000000e-01,1.750000000000000036e-03,2.249999999999999830e-03
4.062500000000000000e-01,5.546875000000000000e-01,1.250000000000000026e-04,7.500000000000000156e-04
3.125000000000000000e-01,5.078125000000000000e-01,2.249999999999999938e-04,6.750000000000000357e-04
4.765625000000000000e-01,5.312500000000000000e-01,2.599999999999999881e-03,9.250000000000000409e-04
2.968750000000000000e-01,5.468750000000000000e-01,1.499999999999999869e-04,8.750000000000000182e-04
3.906250000000000000e-01,4.609375000000000000e-01,2.249999999999999938e-04,6.250000000000000130e-04
4.843750000000000000e-01,6.015625000000000000e-01,1.224999999999999960e-03,1.275000000000000092e-03
5.390625000000000000e-01,5.156250000000000000e-01,1.799999999999999951e-03,9.250000000000000409e-04
4.453125000000000000e-01,5.781250000000000000e-01,1.499999999999999869e-04,5.999999999999999474e-04
3.515625000000000000e-01,5.546875000000000000e-01,5.000000000000000240e-05,6.250000000000000130e-04
5.234375000000000000e-01,3.984375000000000000e-01,1.499999999999999869e-04,6.499999999999999702e-04
5.546875000000000000e-01,4.296875000000000000e-01,2.000000000000000096e-04,5.249999999999999676e-04
5.625000000000000000e-01,6.015625000000000000e-01,5.999999999999999474e-04,2.249999999999999830e-03
4.843750000000000000e-01,5.703125000000000000e-01,8.999999999999999754e-04,1.124999999999999915e-03
5.546875000000000000e-01,6.015625000000000000e-01,5.500000000000000331e-04,8.750000000000000182e-04
5.234375000000000000e-01,4.765625000000000000e-01,5.000000000000000240e-05,8.499999999999999526e-04
3.359375000000000000e-01,5.234375000000000000e-01,2.000000000000000096e-04,8.750000000000000182e-04
4.296875000000000000e-01,5.312500000000000000e-01,1.250000000000000026e-04,6.999999999999999929e-04
3.515625000000000000e-01,2.812500000000000000e-01,2.249999999999999938e-04,9.499999999999999981e-04
5.234375000000000000e-01,5.078125000000000000e-01,2.575000000000000032e-03,7.500000000000000156e-04
5.468750000000000000e-01,5.937500000000000000e-01,2.500000000000000120e-05,1.224999999999999960e-03
4.765625000000000000e-01,5.625000000000000000e-01,1.250000000000000026e-04,8.249999999999999955e-04
3.906250000000000000e-01,5.703125000000000000e-01,7.499999999999999343e-05,6.250000000000000130e-04
2.968750000000000000e-01,5.156250000000000000e-01,2.000000000000000096e-04,7.249999999999999500e-04
3.359375000000000000e-01,5.234375000000000000e-01,3.000000000000000062e-03,7.500000000000000156e-04
4.296875000000000000e-01,5.390625000000000000e-01,0.000000000000000000e+00,6.750000000000000357e-04
5.546875000000000000e-01,5.703125000000000000e-01,0.000000000000000000e+00,6.999999999999999929e-04
4.843750000000000000e-01,5.781250000000000000e-01,1.250000000000000026e-04,8.249999999999999955e-04
5.234375000000000000e-01,4.453125000000000000e-01,1.499999999999999869e-04,7.749999999999999728e-04
5.234375000000000000e-01,5.625000000000000000e-01,2.700000000000000143e-03,1.500000000000000031e-03
3.906250000000000000e-01,5.312500000000000000e-01,2.999999999999999737e-04,6.999999999999999929e-04
5.000000000000000000e-01,5.468750000000000000e-01,2.500000000000000052e-04,1.224999999999999960e-03
5.390625000000000000e-01,4.375000000000000000e-01,1.000000000000000048e-04,8.999999999999999754e-04
4.609375000000000000e-01,5.156250000000000000e-01,5.000000000000000240e-05,7.249999999999999500e-04
2.968750000000000000e-01,3.515625000000000000e-01,2.249999999999999938e-04,9.250000000000000409e-04
3.125000000000000000e-01,1.171875000000000000e-01,3.750000000000000078e-04,1.275000000000000092e-03
5.156250000000000000e-01,6.250000000000000000e-01,2.249999999999999830e-03,1.649999999999999991e-03
4.921875000000000000e-01,5.468750000000000000e-01,3.499999999999999964e-04,7.749999999999999728e-04
3.750000000000000000e-01,2.812500000000000000e-01,7.499999999999999343e-05,9.250000000000000409e-04
3.671875000000000000e-01,1.484375000000000000e-01,2.999999999999999737e-04,1.149999999999999981e-03
2.812500000000000000e-01,1.562500000000000000e-01,7.499999999999999343e-05,1.199999999999999895e-03
5.234375000000000000e-01,6.171875000000000000e-01,2.275000000000000112e-03,1.474999999999999966e-03
2.578125000000000000e-01,5.156250000000000000e-01,1.499999999999999869e-04,6.250000000000000130e-04
3.515625000000000000e-01,4.062500000000000000e-01,2.249999999999999938e-04,7.249999999999999500e-04
4.765625000000000000e-01,5.468750000000000000e-01,0.000000000000000000e+00,9.499999999999999981e-04
5.000000000000000000e-01,5.390625000000000000e-01,1.250000000000000026e-04,1.275000000000000092e-03
3.359375000000000000e-01,1.640625000000000000e-01,3.750000000000000078e-04,1.374999999999999920e-03
3.906250000000000000e-01,5.312500000000000000e-01,3.150000000000000022e-03,6.499999999999999702e-04
5.390625000000000000e-01,6.406250000000000000e-01,1.000000000000000048e-04,6.100000000000000387e-03
5.156250000000000000e-01,6.406250000000000000e-01,5.000000000000000240e-05,6.700000000000000226e-03
2.968750000000000000e-01,5.312500000000000000e-01,7.499999999999999343e-05,8.249999999999999955e-04
3.515625000000000000e-01,5.468750000000000000e-01,3.575000000000000053e-03,7.500000000000000156e-04
2.578125000000000000e-01,4.765625000000000000e-01,1.499999999999999869e-04,6.999999999999999929e-04
4.453125000000000000e-01,5.156250000000000000e-01,2.999999999999999737e-04,1.925000000000000062e-03
3.906250000000000000e-01,5.468750000000000000e-01,3.024999999999999911e-03,6.750000000000000357e-04
2.968750000000000000e-01,5.078125000000000000e-01,1.499999999999999869e-04,6.999999999999999929e-04
6.093750000000000000e-01,5.703125000000000000e-01,2.174999999999999850e-03,6.750000000000000357e-04
5.781250000000000000e-01,5.625000000000000000e-01,1.749999999999999982e-04,8.999999999999999754e-04
6.093750000000000000e-01,7.187500000000000000e-01,1.874999999999999931e-03,6.899999999999999883e-03
3.515625000000000000e-01,6.640625000000000000e-01,1.749999999999999982e-04,6.999999999999999929e-04
5.781250000000000000e-01,6.250000000000000000e-01,0.000000000000000000e+00,6.575000000000000115e-03
4.453125000000000000e-01,5.000000000000000000e-01,3.499999999999999964e-04,5.000000000000000104e-04
2.968750000000000000e-01,5.625000000000000000e-01,3.075000000000000042e-03,5.500000000000000331e-04
3.906250000000000000e-01,5.703125000000000000e-01,5.000000000000000240e-05,6.499999999999999702e-04
5.156250000000000000e-01,6.406250000000000000e-01,5.000000000000000104e-04,3.674999999999999881e-03
5.390625000000000000e-01,6.484375000000000000e-01,2.925000000000000083e-03,1.675000000000000057e-03
3.515625000000000000e-01,5.937500000000000000e-01,1.749999999999999982e-04,5.749999999999999903e-04
4.453125000000000000e-01,4.609375000000000000e-01,5.000000000000000240e-05,5.500000000000000331e-04
5.781250000000000000e-01,6.328125000000000000e-01,1.299999999999999940e-03,1.199999999999999895e-03
6.093750000000000000e-01,6.406250000000000000e-01,2.500000000000000120e-05,1.175000000000000046e-03
6.093750000000000000e-01,6.796875000000000000e-01,2.099999999999999870e-03,1.689999999999999836e-02
5.781250000000000000e-01,6.875000000000000000e-01,1.000000000000000048e-04,1.735000000000000084e-02
2.421875000000000000e-01,6.796875000000000000e-01,5.249999999999999676e-04,4.125000000000000194e-03
3.359375000000000000e-01,6.484375000000000000e-01,2.500000000000000120e-05,5.324999999999999872e-03
5.546875000000000000e-01,6.093750000000000000e-01,3.874999999999999972e-03,1.252499999999999968e-02
5.156250000000000000e-01,6.406250000000000000e-01,3.700000000000000164e-03,3.174999999999999871e-03
5.234375000000000000e-01,6.562500000000000000e-01,3.700000000000000164e-03,3.850000000000000124e-03
4.609375000000000000e-01,6.171875000000000000e-01,3.924999999999999670e-03,4.324999999999999852e-03
4.843750000000000000e-01,6.796875000000000000e-01,3.449999999999999942e-03,8.499999999999999526e-04
5.781250000000000000e-01,6.250000000000000000e-01,6.324999999999999893e-03,4.499999999999999660e-03
6.093750000000000000e-01,7.109375000000000000e-01,0.000000000000000000e+00,1.455000000000000043e-02
3.437500000000000000e-01,7.421875000000000000e-01,2.999999999999999737e-04,7.199999999999999803e-03
2.500000000000000000e-01,6.953125000000000000e-01,7.499999999999999343e-05,5.774999999999999752e-03
5.781250000000000000e-01,6.171875000000000000e-01,5.675000000000000357e-03,9.225000000000000561e-03
5.468750000000000000e-01,6.250000000000000000e-01,3.474999999999999790e-03,6.624999999999999813e-03
5.546875000000000000e-01,6.250000000000000000e-01,3.449999999999999942e-03,2.350000000000000092e-03
4.609375000000000000e-01,5.781250000000000000e-01,2.824999999999999820e-03,4.774999999999999731e-03
5.000000000000000000e-01,5.234375000000000000e-01,4.000000000000000083e-03,7.500000000000000156e-04
4.453125000000000000e-01,6.796875000000000000e-01,6.400000000000000307e-03,7.024999999999999994e-03
2.578125000000000000e-01,5.000000000000000000e-01,6.499999999999999702e-04,4.100000000000000346e-03
3.515625000000000000e-01,4.687500000000000000e-01,5.000000000000000240e-05,5.275000000000000175e-03
5.390625000000000000e-01,4.921875000000000000e-01,4.575000000000000074e-03,3.599999999999999901e-03
5.078125000000000000e-01,4.843750000000000000e-01,3.700000000000000164e-03,4.725000000000000033e-03
4.843750000000000000e-01,6.718750000000000000e-01,4.150000000000000043e-03,7.599999999999999985e-03
5.156250000000000000e-01,5.234375000000000000e-01,5.000000000000000240e-05,1.575000000000000011e-03
3.906250000000000000e-01,5.312500000000000000e-01,4.249999999999999763e-04,1.217500000000000006e-02
4.218750000000000000e-01,5.468750000000000000e-01,3.824999999999999841e-03,2.799999999999999972e-03
4.453125000000000000e-01,4.765625000000000000e-01,2.350000000000000092e-03,6.999999999999999929e-04
5.781250000000000000e-01,5.000000000000000000e-01,6.474999999999999853e-03,3.099999999999999891e-03
5.468750000000000000e-01,5.234375000000000000e-01,3.099999999999999891e-03,1.825000000000000016e-03
5.546875000000000000e-01,7.031250000000000000e-01,3.899999999999999821e-03,6.499999999999999702e-03
3.359375000000000000e-01,5.312500000000000000e-01,3.249999999999999851e-04,7.174999999999999954e-03
2.421875000000000000e-01,5.468750000000000000e-01,7.499999999999999343e-05,7.649999999999999682e-03
4.609375000000000000e-01,6.250000000000000000e-01,1.499999999999999869e-04,6.250000000000000347e-03
4.843750000000000000e-01,6.093750000000000000e-01,3.449999999999999942e-03,2.949999999999999931e-03
5.234375000000000000e-01,5.234375000000000000e-01,2.500000000000000052e-03,9.749999999999999552e-04
5.000000000000000000e-01,6.406250000000000000e-01,3.824999999999999841e-03,2.650000000000000012e-03
4.062500000000000000e-01,5.781250000000000000e-01,2.750000000000000166e-04,1.425000000000000051e-03
4.765625000000000000e-01,5.468750000000000000e-01,7.499999999999999343e-05,2.775000000000000123e-03
3.515625000000000000e-01,6.640625000000000000e-01,2.500000000000000120e-05,3.050000000000000194e-03
2.578125000000000000e-01,6.250000000000000000e-01,2.500000000000000120e-05,1.675000000000000057e-03
5.703125000000000000e-01,5.468750000000000000e-01,5.100000000000000366e-03,2.075000000000000022e-03
5.312500000000000000e-01,5.390625000000000000e-01,2.050000000000000173e-03,3.500000000000000073e-03
5.156250000000000000e-01,5.468750000000000000e-01,9.749999999999999552e-04,6.250000000000000130e-04
4.218750000000000000e-01,5.703125000000000000e-01,7.499999999999999343e-05,8.249999999999999955e-04
5.234375000000000000e-01,5.625000000000000000e-01,3.099999999999999891e-03,1.195000000000000055e-02
5.390625000000000000e-01,5.859375000000000000e-01,1.000000000000000048e-04,1.159999999999999920e-02
4.453125000000000000e-01,4.921875000000000000e-01,2.000000000000000096e-04,1.022499999999999971e-02
4.296875000000000000e-01,6.171875000000000000e-01,2.000000000000000096e-04,8.500000000000000611e-03
3.125000000000000000e-01,5.937500000000000000e-01,5.000000000000000240e-05,1.064999999999999974e-02
4.062500000000000000e-01,4.375000000000000000e-01,2.249999999999999938e-04,1.052499999999999963e-02
4.765625000000000000e-01,5.937500000000000000e-01,3.725000000000000012e-03,7.924999999999999753e-03
5.000000000000000000e-01,5.390625000000000000e-01,3.950000000000000386e-03,4.074999999999999629e-03
5.234375000000000000e-01,6.328125000000000000e-01,6.525000000000000418e-03,1.377500000000000079e-02
4.921875000000000000e-01,6.484375000000000000e-01,3.575000000000000053e-03,5.725000000000000054e-03
5.000000000000000000e-01,6.093750000000000000e-01,4.150000000000000043e-03,5.850000000000000165e-03
3.515625000000000000e-01,5.546875000000000000e-01,3.249999999999999851e-04,6.049999999999999822e-03
4.453125000000000000e-01,5.625000000000000000e-01,2.500000000000000120e-05,4.850000000000000144e-03
4.765625000000000000e-01,6.250000000000000000e-01,3.975000000000000235e-03,3.550000000000000204e-03
4.921875000000000000e-01,2.265625000000000000e-01,1.075000000000000001e-03,1.075000000000000001e-03
4.453125000000000000e-01,6.328125000000000000e-01,2.224999999999999981e-03,2.200000000000000133e-03
5.390625000000000000e-01,7.109375000000000000e-01,4.624999999999999771e-03,6.199999999999999782e-03
4.453125000000000000e-01,6.718750000000000000e-01,1.749999999999999982e-04,6.224999999999999631e-03
2.968750000000000000e-01,5.234375000000000000e-01,4.000000000000000192e-04,4.575000000000000074e-03
3.906250000000000000e-01,5.312500000000000000e-01,7.499999999999999343e-05,4.675000000000000336e-03
5.156250000000000000e-01,6.328125000000000000e-01,3.050000000000000194e-03,3.324999999999999831e-03
4.765625000000000000e-01,5.703125000000000000e-01,2.374999999999999941e-03,8.499999999999999526e-04
3.125000000000000000e-01,6.093750000000000000e-01,1.775000000000000102e-03,5.374999999999999570e-03
4.062500000000000000e-01,5.468750000000000000e-01,2.000000000000000096e-04,7.749999999999999728e-04
5.781250000000000000e-01,7.031250000000000000e-01,4.599999999999999922e-03,2.874999999999999951e-03
4.843750000000000000e-01,6.093750000000000000e-01,2.500000000000000120e-05,3.850000000000000124e-03
4.687500000000000000e-01,6.250000000000000000e-01,1.499999999999999869e-04,5.049999999999999802e-03
4.218750000000000000e-01,6.718750000000000000e-01,2.000000000000000096e-04,7.324999999999999914e-03
3.281250000000000000e-01,6.328125000000000000e-01,1.000000000000000048e-04,1.039999999999999952e-02
4.453125000000000000e-01,5.937500000000000000e-01,5.599999999999999943e-03,3.249999999999999851e-03
4.843750000000000000e-01,5.234375000000000000e-01,3.024999999999999911e-03,8.000000000000000383e-04
5.390625000000000000e-01,5.625000000000000000e-01,4.874999999999999993e-03,1.925000000000000062e-03
4.765625000000000000e-01,5.000000000000000000e-01,2.899999999999999800e-03,6.250000000000000347e-03
4.843750000000000000e-01,4.687500000000000000e-01,2.975000000000000214e-03,5.825000000000000316e-03
2.578125000000000000e-01,5.937500000000000000e-01,1.749999999999999982e-04,1.030000000000000013e-02
3.515625000000000000e-01,6.093750000000000000e-01,0.000000000000000000e+00,7.324999999999999914e-03
5.156250000000000000e-01,6.250000000000000000e-01,2.500000000000000120e-05,7.450000000000000025e-03
4.218750000000000000e-01,5.937500000000000000e-01,3.299999999999999982e-03,3.650000000000000033e-03
4.687500000000000000e-01,5.937500000000000000e-01,3.200000000000000153e-03,1.224999999999999960e-03
5.546875000000000000e-01,6.718750000000000000e-01,4.074999999999999629e-03,6.275000000000000196e-03
4.609375000000000000e-01,6.562500000000000000e-01,1.000000000000000048e-04,7.150000000000000105e-03
2.421875000000000000e-01,6.093750000000000000e-01,5.000000000000000240e-05,1.420000000000000082e-02
3.359375000000000000e-01,6.015625000000000000e-01,7.499999999999999343e-05,5.349999999999999721e-03
5.390625000000000000e-01,4.062500000000000000e-01,5.000000000000000104e-04,6.250000000000000130e-04
5.234375000000000000e-01,6.171875000000000000e-01,3.599999999999999901e-03,3.749999999999999861e-03
4.921875000000000000e-01,5.781250000000000000e-01,2.824999999999999820e-03,6.250000000000000130e-04
5.937500000000000000e-01,7.421875000000000000e-01,6.100000000000000387e-03,5.499999999999999681e-03
5.546875000000000000e-01,6.015625000000000000e-01,3.249999999999999851e-04,5.174999999999999913e-03
5.000000000000000000e-01,5.781250000000000000e-01,1.250000000000000026e-04,4.624999999999999771e-03
3.437500000000000000e-01,6.171875000000000000e-01,1.000000000000000048e-04,2.650000000000000012e-03
2.500000000000000000e-01,5.546875000000000000e-01,1.499999999999999869e-04,1.724999999999999971e-03
4.609375000000000000e-01,5.000000000000000000e-01,5.700000000000000205e-03,5.899999999999999863e-03
5.000000000000000000e-01,5.625000000000000000e-01,2.925000000000000083e-03,1.549999999999999946e-03
5.546875000000000000e-01,6.015625000000000000e-01,2.150000000000000001e-03,4.425000000000000114e-03
5.078125000000000000e-01,5.781250000000000000e-01,3.000000000000000062e-03,4.525000000000000376e-03
5.156250000000000000e-01,6.875000000000000000e-01,3.299999999999999982e-03,7.474999999999999874e-03
3.515625000000000000e-01,5.937500000000000000e-01,5.000000000000000104e-04,7.324999999999999914e-03
2.578125000000000000e-01,5.859375000000000000e-01,2.249999999999999938e-04,7.599999999999999985e-03
4.453125000000000000e-01,6.093750000000000000e-01,2.625000000000000163e-03,3.374999999999999962e-03
4.843750000000000000e-01,6.484375000000000000e-01,2.850000000000000103e-03,1.275000000000000092e-03
5.781250000000000000e-01,7.734375000000000000e-01,4.324999999999999852e-03,8.774999999999999814e-03
4.843750000000000000e-01,7.031250000000000000e-01,1.749999999999999982e-04,7.875000000000000056e-03
3.671875000000000000e-01,5.468750000000000000e-01,2.249999999999999938e-04,6.000000000000000125e-03
2.734375000000000000e-01,5.468750000000000000e-01,7.499999999999999343e-05,1.359999999999999924e-02
5.546875000000000000e-01,5.156250000000000000e-01,3.950000000000000386e-03,4.550000000000000225e-03
5.625000000000000000e-01,4.609375000000000000e-01,2.000000000000000096e-04,2.575000000000000032e-03
5.156250000000000000e-01,6.171875000000000000e-01,3.350000000000000113e-03,1.350000000000000071e-03
6.171875000000000000e-01,7.109375000000000000e-01,5.575000000000000094e-03,4.499999999999999660e-03
5.390625000000000000e-01,5.859375000000000000e-01,1.749999999999999982e-04,4.950000000000000407e-03
5.234375000000000000e-01,6.484375000000000000e-01,5.000000000000000240e-05,5.049999999999999802e-03
3.828125000000000000e-01,6.562500000000000000e-01,2.999999999999999737e-04,2.224999999999999981e-03
2.890625000000000000e-01,5.312500000000000000e-01,1.499999999999999869e-04,1.025000000000000086e-03
4.453125000000000000e-01,5.703125000000000000e-01,4.624999999999999771e-03,5.749999999999999903e-03
5.000000000000000000e-01,5.781250000000000000e-01,2.874999999999999951e-03,1.449999999999999900e-03
5.234375000000000000e-01,6.484375000000000000e-01,2.850000000000000103e-03,4.874999999999999993e-03
5.000000000000000000e-01,5.703125000000000000e-01,3.099999999999999891e-03,1.975000000000000193e-03
5.390625000000000000e-01,6.953125000000000000e-01,3.425000000000000093e-03,7.450000000000000025e-03
5.234375000000000000e-01,6.250000000000000000e-01,3.499999999999999964e-04,7.349999999999999763e-03
3.906250000000000000e-01,5.468750000000000000e-01,3.750000000000000078e-04,6.675000000000000377e-03
2.968750000000000000e-01,5.546875000000000000e-01,5.000000000000000240e-05,6.174999999999999933e-03
4.843750000000000000e-01,4.453125000000000000e-01,1.499999999999999869e-04,1.675000000000000057e-03
4.453125000000000000e-01,5.390625000000000000e-01,2.625000000000000163e-03,3.200000000000000153e-03
4.843750000000000000e-01,6.171875000000000000e-01,2.899999999999999800e-03,8.499999999999999526e-04
4.062500000000000000e-01,5.625000000000000000e-01,3.775000000000000144e-03,5.924999999999999711e-03
3.125000000000000000e-01,5.625000000000000000e-01,7.499999999999999343e-05,5.474999999999999832e-03
6.328125000000000000e-01,7.187500000000000000e-01,1.750000000000000036e-03,7.524999999999999571e-03
5.703125000000000000e-01,6.250000000000000000e-01,3.249999999999999851e-04,8.224999999999999672e-03
5.390625000000000000e-01,5.703125000000000000e-01,7.499999999999999343e-05,3.125000000000000173e-03
5.781250000000000000e-01,5.703125000000000000e-01,4.375000000000000416e-03,3.874999999999999972e-03
3.203125000000000000e-01,6.171875000000000000e-01,1.675000000000000057e-03,6.975000000000000297e-03
4.140625000000000000e-01,6.093750000000000000e-01,2.500000000000000120e-05,2.775000000000000123e-03
5.312500000000000000e-01,6.484375000000000000e-01,1.775000000000000102e-03,1.649999999999999991e-03
5.390625000000000000e-01,6.953125000000000000e-01,4.774999999999999731e-03,7.799999999999999642e-03
3.281250000000000000e-01,5.625000000000000000e-01,3.499999999999999964e-04,7.900000000000000772e-03
4.218750000000000000e-01,5.390625000000000000e-01,2.999999999999999737e-04,8.075000000000000580e-03
4.453125000000000000e-01,6.640625000000000000e-01,3.324999999999999831e-03,3.075000000000000042e-03
4.843750000000000000e-01,5.937500000000000000e-01,3.174999999999999871e-03,5.500000000000000331e-04
6.484375000000000000e-01,7.031250000000000000e-01,5.875000000000000014e-03,2.975000000000000214e-03
3.359375000000000000e-01,5.234375000000000000e-01,7.499999999999999343e-05,1.400000000000000029e-02
5.546875000000000000e-01,5.468750000000000000e-01,1.499999999999999869e-04,1.049999999999999935e-03
4.296875000000000000e-01,5.000000000000000000e-01,1.749999999999999982e-04,4.899999999999999842e-03
5.781250000000000000e-01,5.078125000000000000e-01,5.000000000000000240e-05,6.999999999999999929e-04
5.546875000000000000e-01,2.812500000000000000e-01,1.350000000000000071e-03,2.850000000000000103e-03
5.781250000000000000e-01,5.546875000000000000e-01,4.250000000000000305e-03,3.775000000000000144e-03
5.468750000000000000e-01,5.781250000000000000e-01,3.575000000000000053e-03,4.049999999999999781e-03
5.781250000000000000e-01,5.468750000000000000e-01,3.874999999999999972e-03,4.024999999999999932e-03
5.546875000000000000e-01,4.453125000000000000e-01,5.000000000000000240e-05,3.500000000000000073e-03
3.437500000000000000e-01,4.765625000000000000e-01,2.500000000000000120e-05,5.000000000000000104e-03
4.375000000000000000e-01,4.453125000000000000e-01,0.000000000000000000e+00,6.199999999999999782e-03
4.843750000000000000e-01,5.781250000000000000e-01,4.499999999999999660e-03,3.299999999999999982e-03
5.000000000000000000e-01,5.156250000000000000e-01,4.300000000000000003e-03,6.750000000000000357e-04
7.109375000000000000e-01,5.390625000000000000e-01,9.575000000000000178e-03,6.125000000000000236e-03
5.390625000000000000e-01,3.203125000000000000e-01,4.249999999999999763e-04,7.450000000000000025e-03
4.765625000000000000e-01,3.125000000000000000e-01,2.500000000000000120e-05,8.574999999999999289e-03
5.234375000000000000e-01,3.203125000000000000e-01,1.000000000000000048e-04,7.799999999999999642e-03
4.453125000000000000e-01,3.515625000000000000e-01,1.499999999999999869e-04,8.699999999999999400e-03
6.796875000000000000e-01,5.156250000000000000e-01,5.349999999999999721e-03,2.299999999999999961e-03
7.031250000000000000e-01,5.546875000000000000e-01,2.925000000000000083e-03,1.525000000000000097e-03
6.875000000000000000e-01,4.296875000000000000e-01,1.899999999999999996e-03,6.499999999999999702e-04
6.718750000000000000e-01,4.921875000000000000e-01,8.999999999999999754e-04,6.999999999999999929e-04
6.875000000000000000e-01,5.781250000000000000e-01,1.250000000000000026e-03,1.975000000000000193e-03
3.515625000000000000e-01,3.671875000000000000e-01,1.699999999999999905e-03,1.649999999999999991e-03
6.718750000000000000e-01,4.609375000000000000e-01,7.499999999999999343e-05,3.725000000000000012e-03
4.453125000000000000e-01,2.968750000000000000e-01,1.000000000000000048e-04,2.500000000000000052e-03
6.640625000000000000e-01,5.546875000000000000e-01,2.925000000000000083e-03,2.050000000000000173e-03
6.484375000000000000e-01,5.625000000000000000e-01,2.425000000000000072e-03,2.799999999999999972e-03
6.328125000000000000e-01,6.171875000000000000e-01,2.674999999999999861e-03,3.899999999999999821e-03
6.718750000000000000e-01,5.625000000000000000e-01,3.625000000000000184e-03,4.275000000000000154e-03
4.843750000000000000e-01,3.750000000000000000e-01,1.250000000000000026e-04,5.199999999999999761e-03
5.156250000000000000e-01,3.203125000000000000e-01,1.749999999999999982e-04,4.899999999999999842e-03
5.390625000000000000e-01,3.281250000000000000e-01,1.499999999999999869e-04,4.349999999999999700e-03
4.453125000000000000e-01,3.671875000000000000e-01,2.000000000000000096e-04,5.799999999999999600e-03
6.250000000000000000e-01,5.078125000000000000e-01,3.799999999999999992e-03,7.500000000000000156e-04
6.484375000000000000e-01,5.625000000000000000e-01,1.874999999999999931e-03,1.750000000000000036e-03
6.328125000000000000e-01,5.156250000000000000e-01,1.899999999999999996e-03,6.999999999999999929e-04
6.171875000000000000e-01,5.078125000000000000e-01,1.000000000000000021e-03,7.249999999999999500e-04
6.328125000000000000e-01,6.093750000000000000e-01,1.025000000000000086e-03,1.149999999999999981e-03
3.515625000000000000e-01,3.593750000000000000e-01,1.049999999999999935e-03,6.999999999999999929e-04
4.453125000000000000e-01,3.750000000000000000e-01,2.249999999999999938e-04,1.049999999999999935e-03
6.171875000000000000e-01,5.468750000000000000e-01,2.000000000000000096e-04,3.000000000000000062e-03
6.093750000000000000e-01,5.625000000000000000e-01,2.850000000000000103e-03,4.224999999999999589e-03
5.390625000000000000e-01,2.656250000000000000e-01,2.099999999999999870e-03,1.500000000000000031e-03
5.937500000000000000e-01,5.859375000000000000e-01,4.749999999999999990e-04,2.224999999999999981e-03
5.000000000000000000e-01,2.500000000000000000e-01,1.749999999999999982e-04,9.250000000000000409e-04
5.078125000000000000e-01,1.484375000000000000e-01,1.250000000000000026e-04,1.049999999999999935e-03
5.781250000000000000e-01,6.250000000000000000e-01,2.275000000000000112e-03,1.850000000000000082e-03
6.484375000000000000e-01,5.468750000000000000e-01,3.374999999999999962e-03,4.874999999999999993e-03
5.390625000000000000e-01,3.593750000000000000e-01,2.999999999999999737e-04,5.125000000000000215e-03
5.234375000000000000e-01,3.281250000000000000e-01,7.499999999999999343e-05,5.725000000000000054e-03
5.781250000000000000e-01,3.671875000000000000e-01,2.249999999999999938e-04,4.300000000000000003e-03
5.000000000000000000e-01,3.593750000000000000e-01,1.250000000000000026e-04,5.875000000000000014e-03
6.093750000000000000e-01,4.765625000000000000e-01,4.525000000000000376e-03,1.525000000000000097e-03
6.328125000000000000e-01,5.312500000000000000e-01,2.050000000000000173e-03,1.775000000000000102e-03
6.171875000000000000e-01,5.234375000000000000e-01,1.874999999999999931e-03,7.749999999999999728e-04
6.093750000000000000e-01,5.234375000000000000e-01,1.049999999999999935e-03,8.499999999999999526e-04
6.171875000000000000e-01,5.703125000000000000e-01,1.724999999999999971e-03,1.600000000000000077e-03
6.093750000000000000e-01,5.546875000000000000e-01,1.474999999999999966e-03,2.374999999999999941e-03
3.515625000000000000e-01,2.812500000000000000e-01,6.499999999999999702e-04,1.124999999999999915e-03
4.453125000000000000e-01,3.281250000000000000e-01,1.250000000000000026e-04,2.299999999999999961e-03
5.937500000000000000e-01,5.625000000000000000e-01,2.200000000000000133e-03,2.625000000000000163e-03
5.781250000000000000e-01,6.171875000000000000e-01,2.550000000000000183e-03,2.799999999999999972e-03
5.703125000000000000e-01,5.546875000000000000e-01,2.724999999999999992e-03,3.249999999999999851e-03
6.093750000000000000e-01,5.625000000000000000e-01,3.225000000000000002e-03,3.899999999999999821e-03
5.390625000000000000e-01,2.968750000000000000e-01,4.000000000000000192e-04,4.375000000000000416e-03
4.765625000000000000e-01,2.968750000000000000e-01,1.250000000000000026e-04,5.975000000000000276e-03
5.234375000000000000e-01,2.109375000000000000e-01,5.000000000000000240e-05,4.474999999999999811e-03
5.625000000000000000e-01,5.859375000000000000e-01,3.550000000000000204e-03,1.874999999999999931e-03
5.781250000000000000e-01,5.937500000000000000e-01,2.650000000000000012e-03,1.600000000000000077e-03
5.703125000000000000e-01,5.078125000000000000e-01,1.449999999999999900e-03,1.299999999999999940e-03
5.546875000000000000e-01,5.468750000000000000e-01,1.549999999999999946e-03,1.025000000000000086e-03
5.703125000000000000e-01,5.312500000000000000e-01,1.449999999999999900e-03,2.324999999999999810e-03
5.546875000000000000e-01,5.937500000000000000e-01,1.775000000000000102e-03,3.000000000000000062e-03
3.515625000000000000e-01,2.656250000000000000e-01,4.000000000000000192e-04,1.845000000000000112e-02
4.453125000000000000e-01,2.734375000000000000e-01,2.750000000000000166e-04,4.599999999999999922e-03
5.390625000000000000e-01,6.015625000000000000e-01,2.749999999999999840e-03,3.975000000000000235e-03
5.312500000000000000e-01,6.250000000000000000e-01,3.749999999999999861e-03,3.350000000000000113e-03
5.234375000000000000e-01,6.406250000000000000e-01,3.449999999999999942e-03,2.050000000000000173e-03
5.390625000000000000e-01,5.781250000000000000e-01,5.725000000000000054e-03,9.724999999999999270e-03
2.968750000000000000e-01,3.984375000000000000e-01,1.149999999999999981e-03,1.577500000000000083e-02
3.906250000000000000e-01,4.140625000000000000e-01,0.000000000000000000e+00,4.774999999999999731e-03
4.453125000000000000e-01,3.359375000000000000e-01,2.249999999999999938e-04,7.825000000000000358e-03
5.156250000000000000e-01,5.390625000000000000e-01,3.524999999999999922e-03,5.400000000000000286e-03
4.765625000000000000e-01,6.171875000000000000e-01,3.850000000000000124e-03,1.224999999999999960e-03
5.781250000000000000e-01,6.171875000000000000e-01,5.749999999999999903e-03,1.197499999999999953e-02
2.421875000000000000e-01,4.453125000000000000e-01,2.000000000000000096e-04,2.202499999999999944e-02
3.359375000000000000e-01,4.140625000000000000e-01,2.249999999999999938e-04,1.157500000000000022e-02
5.546875000000000000e-01,5.312500000000000000e-01,1.000000000000000048e-04,8.925000000000000641e-03
4.843750000000000000e-01,3.984375000000000000e-01,8.000000000000000383e-04,1.100000000000000066e-03
5.234375000000000000e-01,5.000000000000000000e-01,7.575000000000000136e-03,5.749999999999999903e-03
5.781250000000000000e-01,6.328125000000000000e-01,5.675000000000000357e-03,3.225000000000000002e-03
5.468750000000000000e-01,6.171875000000000000e-01,3.099999999999999891e-03,1.175000000000000046e-03
6.484375000000000000e-01,6.640625000000000000e-01,3.799999999999999992e-03,1.224999999999999960e-03
2.500000000000000000e-01,4.609375000000000000e-01,1.000000000000000048e-04,8.649999999999999703e-03
3.437500000000000000e-01,5.156250000000000000e-01,1.000000000000000048e-04,8.474999999999999895e-03
5.546875000000000000e-01,5.312500000000000000e-01,1.499999999999999869e-04,1.775000000000000102e-03
5.781250000000000000e-01,5.234375000000000000e-01,0.000000000000000000e+00,6.499999999999999702e-04
4.843750000000000000e-01,5.937500000000000000e-01,3.975000000000000235e-03,7.500000000000000156e-04
5.000000000000000000e-01,5.625000000000000000e-01,2.099999999999999870e-03,1.899999999999999996e-03
5.937500000000000000e-01,5.937500000000000000e-01,2.874999999999999951e-03,4.449999999999999963e-03
5.703125000000000000e-01,5.781250000000000000e-01,1.250000000000000026e-04,4.499999999999999660e-03
3.515625000000000000e-01,4.921875000000000000e-01,1.000000000000000048e-04,6.000000000000000125e-03
2.578125000000000000e-01,5.078125000000000000e-01,1.499999999999999869e-04,6.250000000000000347e-03
5.312500000000000000e-01,5.468750000000000000e-01,3.550000000000000204e-03,1.299999999999999940e-03
5.390625000000000000e-01,6.015625000000000000e-01,1.699999999999999905e-03,1.575000000000000011e-03
6.093750000000000000e-01,6.171875000000000000e-01,1.675000000000000057e-03,2.775000000000000123e-03
3.671875000000000000e-01,5.312500000000000000e-01,2.374999999999999941e-03,2.174999999999999850e-03
2.734375000000000000e-01,5.078125000000000000e-01,5.000000000000000240e-05,1.049999999999999935e-03
6.171875000000000000e-01,6.250000000000000000e-01,2.500000000000000120e-05,6.450000000000000004e-03
5.234375000000000000e-01,5.156250000000000000e-01,1.749999999999999982e-04,7.349999999999999763e-03
5.781250000000000000e-01,4.218750000000000000e-01,1.499999999999999869e-04,5.950000000000000427e-03
4.609375000000000000e-01,3.203125000000000000e-01,5.899999999999999863e-03,5.924999999999999711e-03
4.843750000000000000e-01,4.218750000000000000e-01,3.399999999999999811e-03,1.425000000000000051e-03
5.234375000000000000e-01,4.687500000000000000e-01,4.874999999999999993e-03,3.850000000000000124e-03
4.921875000000000000e-01,4.687500000000000000e-01,3.500000000000000073e-03,1.449999999999999900e-03
5.390625000000000000e-01,5.312500000000000000e-01,3.500000000000000073e-03,5.825000000000000316e-03
5.000000000000000000e-01,5.156250000000000000e-01,7.499999999999999343e-05,2.000000000000000042e-03
2.890625000000000000e-01,4.843750000000000000e-01,7.499999999999999343e-05,5.199999999999999761e-03
3.828125000000000000e-01,4.609375000000000000e-01,1.499999999999999869e-04,5.599999999999999943e-03
4.453125000000000000e-01,5.468750000000000000e-01,3.225000000000000002e-03,1.775000000000000102e-03
5.000000000000000000e-01,4.843750000000000000e-01,1.649999999999999991e-03,7.749999999999999728e-04
6.171875000000000000e-01,6.328125000000000000e-01,4.725000000000000033e-03,8.999999999999999754e-04
2.968750000000000000e-01,4.921875000000000000e-01,1.000000000000000048e-04,9.250000000000000409e-04
6.093750000000000000e-01,6.484375000000000000e-01,3.249999999999999851e-04,1.374999999999999920e-03
3.906250000000000000e-01,3.046875000000000000e-01,7.499999999999999343e-05,8.000000000000000383e-04
5.390625000000000000e-01,6.171875000000000000e-01,0.000000000000000000e+00,8.249999999999999955e-04
5.781250000000000000e-01,5.390625000000000000e-01,3.249999999999999851e-04,7.500000000000000156e-04
3.515625000000000000e-01,5.703125000000000000e-01,2.874999999999999951e-03,7.249999999999999500e-04
2.578125000000000000e-01,4.375000000000000000e-01,1.749999999999999982e-04,8.000000000000000383e-04
6.015625000000000000e-01,5.078125000000000000e-01,1.000000000000000048e-04,1.825000000000000016e-03
5.312500000000000000e-01,5.312500000000000000e-01,1.250000000000000026e-04,8.999999999999999754e-04
5.781250000000000000e-01,2.578125000000000000e-01,6.750000000000000357e-04,9.749999999999999552e-04
5.937500000000000000e-01,1.406250000000000000e-01,2.999999999999999737e-04,1.175000000000000046e-03
3.906250000000000000e-01,5.312500000000000000e-01,2.125000000000000153e-03,7.500000000000000156e-04
2.968750000000000000e-01,5.078125000000000000e-01,1.000000000000000048e-04,8.499999999999999526e-04
6.093750000000000000e-01,5.859375000000000000e-01,0.000000000000000000e+00,1.149999999999999981e-03
5.390625000000000000e-01,5.312500000000000000e-01,2.999999999999999737e-04,9.250000000000000409e-04
5.781250000000000000e-01,5.000000000000000000e-01,1.000000000000000048e-04,7.500000000000000156e-04
6.093750000000000000e-01,6.093750000000000000e-01,2.324999999999999810e-03,2.075000000000000022e-03
2.578125000000000000e-01,5.000000000000000000e-01,5.749999999999999903e-04,7.249999999999999500e-04
3.515625000000000000e-01,5.156250000000000000e-01,0.000000000000000000e+00,6.250000000000000130e-04
5.234375000000000000e-01,5.546875000000000000e-01,2.000000000000000096e-04,8.750000000000000182e-04
5.937500000000000000e-01,5.546875000000000000e-01,0.000000000000000000e+00,1.399999999999999986e-03
5.625000000000000000e-01,4.921875000000000000e-01,4.249999999999999763e-04,8.999999999999999754e-04
3.515625000000000000e-01,4.921875000000000000e-01,2.650000000000000012e-03,8.999999999999999754e-04
4.453125000000000000e-01,5.468750000000000000e-01,2.000000000000000096e-04,5.249999999999999676e-04
5.156250000000000000e-01,5.468750000000000000e-01,5.000000000000000240e-05,1.049999999999999935e-03
5.859375000000000000e-01,6.250000000000000000e-01,0.000000000000000000e+00,1.600000000000000077e-03
5.625000000000000000e-01,4.453125000000000000e-01,3.249999999999999851e-04,7.249999999999999500e-04
5.937500000000000000e-01,5.625000000000000000e-01,2.850000000000000103e-03,9.499999999999999981e-04
2.578125000000000000e-01,5.390625000000000000e-01,7.499999999999999343e-05,6.499999999999999702e-04
5.625000000000000000e-01,5.000000000000000000e-01,2.500000000000000120e-05,6.750000000000000357e-04
5.234375000000000000e-01,6.250000000000000000e-01,2.500000000000000120e-05,1.175000000000000046e-03
5.781250000000000000e-01,5.078125000000000000e-01,2.799999999999999972e-03,1.632499999999999923e-02
5.625000000000000000e-01,5.468750000000000000e-01,2.500000000000000052e-04,1.562500000000000000e-02
3.906250000000000000e-01,5.937500000000000000e-01,1.499999999999999869e-04,6.250000000000000130e-04
5.156250000000000000e-01,6.250000000000000000e-01,0.000000000000000000e+00,2.449999999999999921e-03
2.968750000000000000e-01,5.156250000000000000e-01,2.500000000000000052e-04,6.750000000000000357e-04
5.078125000000000000e-01,6.015625000000000000e-01,3.174999999999999871e-03,1.399999999999999986e-03
4.453125000000000000e-01,5.781250000000000000e-01,5.000000000000000240e-05,8.499999999999999526e-04
3.515625000000000000e-01,5.312500000000000000e-01,1.000000000000000048e-04,8.750000000000000182e-04
5.156250000000000000e-01,5.781250000000000000e-01,3.050000000000000194e-03,1.299999999999999940e-03
3.906250000000000000e-01,5.000000000000000000e-01,2.000000000000000096e-04,7.749999999999999728e-04
2.968750000000000000e-01,4.921875000000000000e-01,2.500000000000000120e-05,6.250000000000000130e-04
5.234375000000000000e-01,5.546875000000000000e-01,2.350000000000000092e-03,1.325000000000000006e-03
3.906250000000000000e-01,4.687500000000000000e-01,9.499999999999999981e-04,7.749999999999999728e-04
4.843750000000000000e-01,5.859375000000000000e-01,0.000000000000000000e+00,6.250000000000000130e-04
5.156250000000000000e-01,6.562500000000000000e-01,5.000000000000000240e-05,2.324999999999999810e-03
3.906250000000000000e-01,5.859375000000000000e-01,3.000000000000000062e-03,6.999999999999999929e-04
5.078125000000000000e-01,5.703125000000000000e-01,1.250000000000000026e-04,1.724999999999999971e-03
2.968750000000000000e-01,4.687500000000000000e-01,2.249999999999999938e-04,7.249999999999999500e-04
5.156250000000000000e-01,4.375000000000000000e-01,1.649999999999999991e-03,5.999999999999999474e-04
3.906250000000000000e-01,5.234375000000000000e-01,1.724999999999999971e-03,8.249999999999999955e-04
4.843750000000000000e-01,5.703125000000000000e-01,0.000000000000000000e+00,6.750000000000000357e-04
6.484375000000000000e-01,5.312500000000000000e-01,1.224999999999999960e-03,6.999999999999999929e-04
5.781250000000000000e-01,5.468750000000000000e-01,5.000000000000000240e-05,6.499999999999999702e-04
6.328125000000000000e-01,5.156250000000000000e-01,7.499999999999999343e-05,6.750000000000000357e-04
6.171875000000000000e-01,4.296875000000000000e-01,1.749999999999999982e-04,5.749999999999999903e-04
6.562500000000000000e-01,6.093750000000000000e-01,6.750000000000000357e-04,2.174999999999999850e-03
4.296875000000000000e-01,5.937500000000000000e-01,1.299999999999999940e-03,6.499999999999999702e-04
3.359375000000000000e-01,5.625000000000000000e-01,2.500000000000000120e-05,6.999999999999999929e-04
6.171875000000000000e-01,6.250000000000000000e-01,0.000000000000000000e+00,1.525000000000000097e-03
6.484375000000000000e-01,6.484375000000000000e-01,5.000000000000000240e-05,1.275000000000000092e-03
5.781250000000000000e-01,6.484375000000000000e-01,2.500000000000000120e-05,8.249999999999999955e-04
6.406250000000000000e-01,6.093750000000000000e-01,3.350000000000000113e-03,1.399999999999999986e-03
2.968750000000000000e-01,5.703125000000000000e-01,2.500000000000000120e-05,5.500000000000000331e-04
3.906250000000000000e-01,5.468750000000000000e-01,0.000000000000000000e+00,6.250000000000000130e-04
5.703125000000000000e-01,5.546875000000000000e-01,7.499999999999999343e-05,1.025000000000000086e-03
6.171875000000000000e-01,3.906250000000000000e-01,1.000000000000000048e-04,6.999999999999999929e-04
4.296875000000000000e-01,5.703125000000000000e-01,3.000000000000000062e-03,6.250000000000000130e-04
6.484375000000000000e-01,6.171875000000000000e-01,2.500000000000000120e-05,1.149999999999999981e-03
3.359375000000000000e-01,5.312500000000000000e-01,5.000000000000000240e-05,7.249999999999999500e-04
5.781250000000000000e-01,6.718750000000000000e-01,5.000000000000000240e-05,1.350000000000000071e-03
6.171875000000000000e-01,4.765625000000000000e-01,2.000000000000000096e-04,7.749999999999999728e-04
6.484375000000000000e-01,5.546875000000000000e-01,2.475000000000000203e-03,1.299999999999999940e-03
6.328125000000000000e-01,6.953125000000000000e-01,1.499999999999999869e-04,1.500000000000000031e-03
5.625000000000000000e-01,6.328125000000000000e-01,1.749999999999999982e-04,1.350000000000000071e-03
2.968750000000000000e-01,5.078125000000000000e-01,5.000000000000000240e-05,7.749999999999999728e-04
6.015625000000000000e-01,5.859375000000000000e-01,2.500000000000000120e-05,1.575000000000000011e-03
2.812500000000000000e-01,4.609375000000000000e-01,1.749999999999999982e-04,8.000000000000000383e-04
3.750000000000000000e-01,3.515625000000000000e-01,1.000000000000000048e-04,7.749999999999999728e-04
3.906250000000000000e-01,3.593750000000000000e-01,5.000000000000000240e-05,7.500000000000000156e-04
6.250000000000000000e-01,6.718750000000000000e-01,2.724999999999999992e-03,1.724999999999999971e-03
6.015625000000000000e-01,5.546875000000000000e-01,2.500000000000000120e-05,9.749999999999999552e-04
4.453125000000000000e-01,5.937500000000000000e-01,7.499999999999999343e-05,6.250000000000000130e-04
5.546875000000000000e-01,5.859375000000000000e-01,1.000000000000000048e-04,8.750000000000000182e-04
3.515625000000000000e-01,5.390625000000000000e-01,1.250000000000000026e-04,5.749999999999999903e-04
3.906250000000000000e-01,6.015625000000000000e-01,2.599999999999999881e-03,6.499999999999999702e-04
6.328125000000000000e-01,6.718750000000000000e-01,3.249999999999999851e-04,1.175000000000000046e-03
5.625000000000000000e-01,6.875000000000000000e-01,7.499999999999999343e-05,1.325000000000000006e-03
6.015625000000000000e-01,6.406250000000000000e-01,5.000000000000000240e-05,1.199999999999999895e-03
2.968750000000000000e-01,2.109375000000000000e-01,4.499999999999999877e-04,2.500000000000000120e-05
6.250000000000000000e-01,7.187500000000000000e-01,2.524999999999999901e-03,1.199999999999999895e-03
4.609375000000000000e-01,7.109375000000000000e-01,1.499999999999999869e-04,6.499999999999999702e-04
5.546875000000000000e-01,7.187500000000000000e-01,2.500000000000000120e-05,1.374999999999999920e-03
5.937500000000000000e-01,6.093750000000000000e-01,2.500000000000000120e-05,6.750000000000000357e-04
3.671875000000000000e-01,6.562500000000000000e-01,7.499999999999999343e-05,6.250000000000000130e-04
4.921875000000000000e-01,5.781250000000000000e-01,3.850000000000000124e-03,8.750000000000000182e-04
3.906250000000000000e-01,4.062500000000000000e-01,1.749999999999999982e-04,6.750000000000000357e-04
4.062500000000000000e-01,4.140625000000000000e-01,1.000000000000000048e-04,5.749999999999999903e-04
5.000000000000000000e-01,5.390625000000000000e-01,2.425000000000000072e-03,1.000000000000000021e-03
3.671875000000000000e-01,5.546875000000000000e-01,4.749999999999999990e-04,6.999999999999999929e-04
4.609375000000000000e-01,5.468750000000000000e-01,0.000000000000000000e+00,6.750000000000000357e-04
5.156250000000000000e-01,6.250000000000000000e-01,1.149999999999999981e-03,1.649999999999999991e-03
4.062500000000000000e-01,5.703125000000000000e-01,1.649999999999999991e-03,6.499999999999999702e-04
5.000000000000000000e-01,6.406250000000000000e-01,1.000000000000000048e-04,4.000000000000000083e-03
3.203125000000000000e-01,4.375000000000000000e-01,5.000000000000000240e-05,7.500000000000000156e-04
4.375000000000000000e-01,6.328125000000000000e-01,1.499999999999999869e-04,1.325000000000000006e-03
3.125000000000000000e-01,7.031250000000000000e-02,6.250000000000000130e-04,1.325000000000000006e-03
4.062500000000000000e-01,5.000000000000000000e-01,2.425000000000000072e-03,6.999999999999999929e-04
4.921875000000000000e-01,6.484375000000000000e-01,7.749999999999999728e-04,3.500000000000000073e-03
4.062500000000000000e-01,4.687500000000000000e-01,2.524999999999999901e-03,5.500000000000000331e-04
4.375000000000000000e-01,6.718750000000000000e-01,5.000000000000000240e-05,1.025000000000000086e-03
5.000000000000000000e-01,6.093750000000000000e-01,5.000000000000000240e-05,1.124999999999999915e-03
3.125000000000000000e-01,5.000000000000000000e-01,1.000000000000000048e-04,6.250000000000000130e-04
2.578125000000000000e-01,5.625000000000000000e-01,5.550000000000000246e-03,8.249999999999999955e-04
6.093750000000000000e-01,6.406250000000000000e-01,5.000000000000000240e-05,1.124999999999999915e-03
3.515625000000000000e-01,6.171875000000000000e-01,2.500000000000000120e-05,6.750000000000000357e-04
5.156250000000000000e-01,6.406250000000000000e-01,0.000000000000000000e+00,1.149999999999999981e-03
5.781250000000000000e-01,6.171875000000000000e-01,5.000000000000000240e-05,1.175000000000000046e-03
3.515625000000000000e-01,7.500000000000000000e-01,1.750000000000000036e-03,2.700000000000000143e-03
6.093750000000000000e-01,6.484375000000000000e-01,5.000000000000000240e-05,9.225000000000000561e-03
5.156250000000000000e-01,7.031250000000000000e-01,5.000000000000000240e-05,5.349999999999999721e-03
5.781250000000000000e-01,6.406250000000000000e-01,0.000000000000000000e+00,1.442500000000000032e-02
2.578125000000000000e-01,6.953125000000000000e-01,7.499999999999999343e-05,2.000000000000000042e-03
2.968750000000000000e-01,6.484375000000000000e-01,2.500000000000000120e-05,2.799999999999999972e-03
5.390625000000000000e-01,6.093750000000000000e-01,4.474999999999999811e-03,9.674999999999999573e-03
5.078125000000000000e-01,6.171875000000000000e-01,3.024999999999999911e-03,5.024999999999999953e-03
5.156250000000000000e-01,6.796875000000000000e-01,3.874999999999999972e-03,4.000000000000000083e-03
4.453125000000000000e-01,6.250000000000000000e-01,3.425000000000000093e-03,4.499999999999999660e-03
4.843750000000000000e-01,6.406250000000000000e-01,3.599999999999999901e-03,5.999999999999999474e-04
6.093750000000000000e-01,7.109375000000000000e-01,6.074999999999999671e-03,6.199999999999999782e-03
5.156250000000000000e-01,7.187500000000000000e-01,2.500000000000000120e-05,4.799999999999999580e-03
3.437500000000000000e-01,7.109375000000000000e-01,2.500000000000000120e-05,4.975000000000000255e-03
5.781250000000000000e-01,6.484375000000000000e-01,0.000000000000000000e+00,1.274999999999999918e-02
2.500000000000000000e-01,6.484375000000000000e-01,7.499999999999999343e-05,4.074999999999999629e-03
2.968750000000000000e-01,5.312500000000000000e-01,1.749999999999999982e-04,4.449999999999999963e-03
5.546875000000000000e-01,6.171875000000000000e-01,4.375000000000000416e-03,4.799999999999999580e-03
4.921875000000000000e-01,6.562500000000000000e-01,4.049999999999999781e-03,3.749999999999999861e-03
5.000000000000000000e-01,6.562500000000000000e-01,4.375000000000000416e-03,2.024999999999999890e-03
4.609375000000000000e-01,5.468750000000000000e-01,3.200000000000000153e-03,5.049999999999999802e-03
4.843750000000000000e-01,6.171875000000000000e-01,3.950000000000000386e-03,7.249999999999999500e-04
4.453125000000000000e-01,6.953125000000000000e-01,5.899999999999999863e-03,6.275000000000000196e-03
3.515625000000000000e-01,4.843750000000000000e-01,4.249999999999999763e-04,4.825000000000000296e-03
2.578125000000000000e-01,4.687500000000000000e-01,1.499999999999999869e-04,2.874999999999999951e-03
5.390625000000000000e-01,4.062500000000000000e-01,5.024999999999999953e-03,3.374999999999999962e-03
5.078125000000000000e-01,4.453125000000000000e-01,2.850000000000000103e-03,3.775000000000000144e-03
5.156250000000000000e-01,5.390625000000000000e-01,3.500000000000000073e-03,6.799999999999999621e-03
4.843750000000000000e-01,6.953125000000000000e-01,2.000000000000000096e-04,2.324999999999999810e-03
4.453125000000000000e-01,4.765625000000000000e-01,4.825000000000000296e-03,2.949999999999999931e-03
4.843750000000000000e-01,4.843750000000000000e-01,2.874999999999999951e-03,8.750000000000000182e-04
5.781250000000000000e-01,4.296875000000000000e-01,6.725000000000000075e-03,3.524999999999999922e-03
5.468750000000000000e-01,4.843750000000000000e-01,3.625000000000000184e-03,2.475000000000000203e-03
5.546875000000000000e-01,5.859375000000000000e-01,4.024999999999999932e-03,7.575000000000000136e-03
5.234375000000000000e-01,5.781250000000000000e-01,1.000000000000000048e-04,4.599999999999999922e-03
2.421875000000000000e-01,4.765625000000000000e-01,3.249999999999999851e-04,7.950000000000000469e-03
3.359375000000000000e-01,4.531250000000000000e-01,2.500000000000000120e-05,8.425000000000000197e-03
4.609375000000000000e-01,5.546875000000000000e-01,4.174999999999999892e-03,3.749999999999999861e-03
4.843750000000000000e-01,5.937500000000000000e-01,2.949999999999999931e-03,1.500000000000000031e-03
4.453125000000000000e-01,7.031250000000000000e-01,3.449999999999999942e-03,4.575000000000000074e-03
3.515625000000000000e-01,5.156250000000000000e-01,2.249999999999999938e-04,3.950000000000000386e-03
2.578125000000000000e-01,4.687500000000000000e-01,1.749999999999999982e-04,2.449999999999999921e-03
5.390625000000000000e-01,5.546875000000000000e-01,3.975000000000000235e-03,3.650000000000000033e-03
5.078125000000000000e-01,4.765625000000000000e-01,3.225000000000000002e-03,3.324999999999999831e-03
4.843750000000000000e-01,6.875000000000000000e-01,3.599999999999999901e-03,2.125000000000000153e-03
5.156250000000000000e-01,4.687500000000000000e-01,0.000000000000000000e+00,6.000000000000000125e-03
3.906250000000000000e-01,5.234375000000000000e-01,4.000000000000000192e-04,8.200000000000000691e-03
4.453125000000000000e-01,4.687500000000000000e-01,3.625000000000000184e-03,2.099999999999999870e-03
4.843750000000000000e-01,3.359375000000000000e-01,3.350000000000000113e-03,2.249999999999999830e-03
5.390625000000000000e-01,4.218750000000000000e-01,5.449999999999999983e-03,2.975000000000000214e-03
4.843750000000000000e-01,4.843750000000000000e-01,3.850000000000000124e-03,2.625000000000000163e-03
5.000000000000000000e-01,5.546875000000000000e-01,4.224999999999999589e-03,9.875000000000000097e-03
4.765625000000000000e-01,4.531250000000000000e-01,4.499999999999999877e-04,9.799999999999999684e-03
3.515625000000000000e-01,4.375000000000000000e-01,2.249999999999999938e-04,6.700000000000000226e-03
2.578125000000000000e-01,4.453125000000000000e-01,1.250000000000000026e-04,5.425000000000000135e-03
4.062500000000000000e-01,5.156250000000000000e-01,3.700000000000000164e-03,3.824999999999999841e-03
4.453125000000000000e-01,5.312500000000000000e-01,4.074999999999999629e-03,9.749999999999999552e-04
6.328125000000000000e-01,6.953125000000000000e-01,9.650000000000000591e-03,9.825000000000000400e-03
6.093750000000000000e-01,5.859375000000000000e-01,1.499999999999999869e-04,6.300000000000000044e-03
5.390625000000000000e-01,4.765625000000000000e-01,7.499999999999999343e-05,1.379999999999999977e-02
2.968750000000000000e-01,5.000000000000000000e-01,3.249999999999999851e-04,5.224999999999999610e-03
3.906250000000000000e-01,4.921875000000000000e-01,2.500000000000000120e-05,6.875000000000000035e-03
6.093750000000000000e-01,5.234375000000000000e-01,7.725000000000000096e-03,6.400000000000000307e-03
5.703125000000000000e-01,4.609375000000000000e-01,3.700000000000000164e-03,4.499999999999999660e-03
4.843750000000000000e-01,4.062500000000000000e-01,3.399999999999999811e-03,1.547499999999999917e-02
5.156250000000000000e-01,4.296875000000000000e-01,0.000000000000000000e+00,1.500000000000000031e-03
5.781250000000000000e-01,5.312500000000000000e-01,5.000000000000000240e-05,4.150000000000000043e-03
5.390625000000000000e-01,2.343750000000000000e-01,5.000000000000000240e-05,3.024999999999999911e-03
4.453125000000000000e-01,4.296875000000000000e-01,1.250000000000000026e-04,1.615000000000000116e-02
5.156250000000000000e-01,4.218750000000000000e-01,3.500000000000000073e-03,1.042500000000000024e-02
5.390625000000000000e-01,4.609375000000000000e-01,4.300000000000000003e-03,4.125000000000000194e-03
5.781250000000000000e-01,6.171875000000000000e-01,5.725000000000000054e-03,1.407500000000000070e-02
4.843750000000000000e-01,4.140625000000000000e-01,5.474999999999999832e-03,3.749999999999999861e-03
5.156250000000000000e-01,3.593750000000000000e-01,3.249999999999999851e-03,7.249999999999999500e-04
2.968750000000000000e-01,4.609375000000000000e-01,3.075000000000000042e-03,2.650000000000000012e-03
5.312500000000000000e-01,4.843750000000000000e-01,1.374999999999999920e-03,1.260000000000000009e-02
5.468750000000000000e-01,5.468750000000000000e-01,1.000000000000000048e-04,6.275000000000000196e-03
4.843750000000000000e-01,3.984375000000000000e-01,2.249999999999999938e-04,4.000000000000000083e-03
5.078125000000000000e-01,4.531250000000000000e-01,1.499999999999999869e-04,4.850000000000000144e-03
3.906250000000000000e-01,4.218750000000000000e-01,5.074999999999999650e-03,2.374999999999999941e-03
4.843750000000000000e-01,4.375000000000000000e-01,3.299999999999999982e-03,8.999999999999999754e-04
5.546875000000000000e-01,5.781250000000000000e-01,2.449999999999999921e-03,1.449999999999999900e-03
5.390625000000000000e-01,4.843750000000000000e-01,4.924999999999999691e-03,1.082499999999999955e-02
5.156250000000000000e-01,4.531250000000000000e-01,4.499999999999999877e-04,8.850000000000000228e-03
2.968750000000000000e-01,4.140625000000000000e-01,5.000000000000000240e-05,4.950000000000000407e-03
4.843750000000000000e-01,4.140625000000000000e-01,1.000000000000000048e-04,4.300000000000000003e-03
4.765625000000000000e-01,4.843750000000000000e-01,8.250000000000000389e-03,5.024999999999999953e-03
3.906250000000000000e-01,3.281250000000000000e-01,3.599999999999999901e-03,1.127500000000000030e-02
3.515625000000000000e-01,3.437500000000000000e-01,2.500000000000000120e-05,1.882500000000000145e-02
4.843750000000000000e-01,5.000000000000000000e-01,3.249999999999999851e-04,7.474999999999999874e-03
4.453125000000000000e-01,2.265625000000000000e-01,4.249999999999999763e-04,1.675000000000000057e-03
4.218750000000000000e-01,3.125000000000000000e-01,5.000000000000000240e-05,8.249999999999999955e-04
4.218750000000000000e-01,4.687500000000000000e-01,2.749999999999999840e-03,6.924999999999999732e-03
4.453125000000000000e-01,5.468750000000000000e-01,3.674999999999999881e-03,6.125000000000000236e-03
4.843750000000000000e-01,6.015625000000000000e-01,2.949999999999999931e-03,1.439999999999999961e-02
3.906250000000000000e-01,4.921875000000000000e-01,3.599999999999999901e-03,4.174999999999999892e-03
4.218750000000000000e-01,4.765625000000000000e-01,3.324999999999999831e-03,5.999999999999999474e-04
5.312500000000000000e-01,4.921875000000000000e-01,6.725000000000000075e-03,1.050000000000000065e-02
5.078125000000000000e-01,4.453125000000000000e-01,5.000000000000000240e-05,6.599999999999999964e-03
2.031250000000000000e-01,4.375000000000000000e-01,2.500000000000000052e-04,1.925000000000000062e-03
4.531250000000000000e-01,3.671875000000000000e-01,1.000000000000000048e-04,7.100000000000000408e-03
2.968750000000000000e-01,3.984375000000000000e-01,1.499999999999999869e-04,3.024999999999999911e-03
2.968750000000000000e-01,3.046875000000000000e-01,6.400000000000000307e-03,6.049999999999999822e-03
3.906250000000000000e-01,2.890625000000000000e-01,3.299999999999999982e-03,3.599999999999999901e-03
4.609375000000000000e-01,4.453125000000000000e-01,2.625000000000000163e-03,9.250000000000000409e-04
5.390625000000000000e-01,4.453125000000000000e-01,5.374999999999999570e-03,2.205000000000000016e-02
3.906250000000000000e-01,1.953125000000000000e-01,4.000000000000000192e-04,1.725000000000000144e-02
5.156250000000000000e-01,3.906250000000000000e-01,0.000000000000000000e+00,2.082499999999999976e-02
4.453125000000000000e-01,2.968750000000000000e-01,2.500000000000000120e-05,3.449999999999999942e-03
2.968750000000000000e-01,2.812500000000000000e-01,3.750000000000000078e-04,2.129999999999999949e-02
4.843750000000000000e-01,2.890625000000000000e-01,2.750000000000000166e-04,3.200000000000000153e-03
4.453125000000000000e-01,2.656250000000000000e-01,4.250000000000000305e-03,2.372499999999999956e-02
4.843750000000000000e-01,3.281250000000000000e-01,3.924999999999999670e-03,1.962500000000000008e-02
3.515625000000000000e-01,3.125000000000000000e-01,8.625000000000000722e-03,1.542499999999999948e-02
3.906250000000000000e-01,1.875000000000000000e-01,4.349999999999999700e-03,1.477499999999999994e-02
5.390625000000000000e-01,3.750000000000000000e-01,5.349999999999999721e-03,3.127499999999999725e-02
5.156250000000000000e-01,2.812500000000000000e-01,4.499999999999999877e-04,2.995000000000000093e-02
2.968750000000000000e-01,2.109375000000000000e-01,2.000000000000000096e-04,2.750000000000000014e-02
4.453125000000000000e-01,2.656250000000000000e-01,4.174999999999999892e-03,1.156500000000000028e-01
4.843750000000000000e-01,2.812500000000000000e-01,4.024999999999999932e-03,1.113249999999999934e-01
3.515625000000000000e-01,1.875000000000000000e-01,1.094999999999999966e-02,7.474999999999999874e-03
3.906250000000000000e-01,3.437500000000000000e-01,5.825000000000000316e-03,1.124999999999999915e-03
5.390625000000000000e-01,3.281250000000000000e-01,1.404999999999999999e-02,8.290000000000000147e-02
5.156250000000000000e-01,2.500000000000000000e-01,4.749999999999999990e-04,8.442500000000000004e-02
2.031250000000000000e-01,2.109375000000000000e-01,3.499999999999999964e-04,8.437500000000000555e-02
2.968750000000000000e-01,2.109375000000000000e-01,5.500000000000000331e-04,8.352500000000000202e-02
5.000000000000000000e-01,5.468750000000000000e-01,1.358999999999999930e-01,2.975000000000000214e-03
4.765625000000000000e-01,4.687500000000000000e-01,2.999999999999999737e-04,1.350000000000000071e-03
4.453125000000000000e-01,4.531250000000000000e-01,5.000000000000000240e-05,9.250000000000000409e-04
4.765625000000000000e-01,5.468750000000000000e-01,5.300000000000000024e-03,6.250000000000000130e-04
4.062500000000000000e-01,5.625000000000000000e-01,5.000000000000000240e-05,6.999999999999999929e-04
4.453125000000000000e-01,4.218750000000000000e-01,2.000000000000000096e-04,5.999999999999999474e-04
5.000000000000000000e-01,6.250000000000000000e-01,1.374999999999999920e-03,8.750000000000000182e-04
4.765625000000000000e-01,6.015625000000000000e-01,5.000000000000000240e-05,7.500000000000000156e-04
4.062500000000000000e-01,3.750000000000000000e-01,1.000000000000000048e-04,5.749999999999999903e-04
4.453125000000000000e-01,5.078125000000000000e-01,7.499999999999999343e-05,5.000000000000000104e-04
5.703125000000000000e-01,6.875000000000000000e-01,5.550000000000000246e-03,1.912499999999999964e-02
4.765625000000000000e-01,5.625000000000000000e-01,2.750000000000000166e-04,1.942500000000000129e-02
5.000000000000000000e-01,5.234375000000000000e-01,1.000000000000000048e-04,1.724999999999999971e-03
2.578125000000000000e-01,5.546875000000000000e-01,1.152500000000000052e-02,8.249999999999999955e-04
3.515625000000000000e-01,3.281250000000000000e-01,4.749999999999999990e-04,8.249999999999999955e-04
3.125000000000000000e-01,5.000000000000000000e-01,4.950000000000000407e-03,8.499999999999999526e-04
2.187500000000000000e-01,2.578125000000000000e-01,3.499999999999999964e-04,1.000000000000000021e-03
2.578125000000000000e-01,5.468750000000000000e-01,2.024999999999999890e-03,1.820000000000000090e-02
3.515625000000000000e-01,5.390625000000000000e-01,5.000000000000000240e-05,1.805000000000000007e-02
5.000000000000000000e-01,6.093750000000000000e-01,4.725000000000000033e-03,3.200000000000000153e-03
4.765625000000000000e-01,5.703125000000000000e-01,2.249999999999999938e-04,3.249999999999999851e-03
4.453125000000000000e-01,5.468750000000000000e-01,2.249999999999999938e-04,2.575000000000000032e-03
4.062500000000000000e-01,6.171875000000000000e-01,4.874999999999999993e-03,7.749999999999999728e-04
4.765625000000000000e-01,4.218750000000000000e-01,2.500000000000000052e-04,7.749999999999999728e-04
4.453125000000000000e-01,3.671875000000000000e-01,2.000000000000000096e-04,6.250000000000000130e-04
4.765625000000000000e-01,5.312500000000000000e-01,1.049999999999999935e-03,1.275000000000000092e-03
5.000000000000000000e-01,5.781250000000000000e-01,2.500000000000000052e-04,5.500000000000000331e-04
4.453125000000000000e-01,3.125000000000000000e-01,3.499999999999999964e-04,8.999999999999999754e-04
5.703125000000000000e-01,6.796875000000000000e-01,5.525000000000000397e-03,1.662500000000000089e-02
4.765625000000000000e-01,6.406250000000000000e-01,1.749999999999999982e-04,1.717499999999999930e-02
5.000000000000000000e-01,6.015625000000000000e-01,7.499999999999999343e-05,1.622499999999999984e-02
2.578125000000000000e-01,6.171875000000000000e-01,9.749999999999999986e-03,6.999999999999999929e-04
3.515625000000000000e-01,6.015625000000000000e-01,5.000000000000000240e-05,6.499999999999999702e-04
3.281250000000000000e-01,5.859375000000000000e-01,5.374999999999999570e-03,5.749999999999999903e-04
2.343750000000000000e-01,4.843750000000000000e-01,2.000000000000000096e-04,8.499999999999999526e-04
3.515625000000000000e-01,6.718750000000000000e-01,1.899999999999999996e-03,1.170000000000000033e-02
2.578125000000000000e-01,5.937500000000000000e-01,5.000000000000000240e-05,1.280000000000000061e-02
4.375000000000000000e-01,2.187500000000000000e-01,2.824999999999999820e-03,1.149999999999999981e-03
5.156250000000000000e-01,6.328125000000000000e-01,2.024999999999999890e-03,2.799999999999999972e-03
4.765625000000000000e-01,5.781250000000000000e-01,1.000000000000000048e-04,2.850000000000000103e-03
4.453125000000000000e-01,6.171875000000000000e-01,1.000000000000000048e-04,2.975000000000000214e-03
4.218750000000000000e-01,6.171875000000000000e-01,5.000000000000000104e-03,7.500000000000000156e-04
4.453125000000000000e-01,5.625000000000000000e-01,7.499999999999999343e-05,7.500000000000000156e-04
4.765625000000000000e-01,5.000000000000000000e-01,1.749999999999999982e-04,6.999999999999999929e-04
5.156250000000000000e-01,5.859375000000000000e-01,1.500000000000000031e-03,1.224999999999999960e-03
4.765625000000000000e-01,5.546875000000000000e-01,1.499999999999999869e-04,7.749999999999999728e-04
4.453125000000000000e-01,3.359375000000000000e-01,2.750000000000000166e-04,6.999999999999999929e-04
5.859375000000000000e-01,6.328125000000000000e-01,5.649999999999999641e-03,1.025000000000000086e-03
5.390625000000000000e-01,6.171875000000000000e-01,2.500000000000000120e-05,1.224999999999999960e-03
3.671875000000000000e-01,6.640625000000000000e-01,1.000000000000000048e-04,1.075000000000000001e-03
6.093750000000000000e-01,6.406250000000000000e-01,0.000000000000000000e+00,7.749999999999999728e-04
2.734375000000000000e-01,5.390625000000000000e-01,7.499999999999999343e-05,7.500000000000000156e-04
5.546875000000000000e-01,5.625000000000000000e-01,7.499999999999999343e-05,5.500000000000000331e-04
5.468750000000000000e-01,5.703125000000000000e-01,5.950000000000000427e-03,1.049999999999999935e-03
4.609375000000000000e-01,6.093750000000000000e-01,1.250000000000000026e-04,6.250000000000000130e-04
4.921875000000000000e-01,5.937500000000000000e-01,0.000000000000000000e+00,7.749999999999999728e-04
3.671875000000000000e-01,5.312500000000000000e-01,5.000000000000000240e-05,7.249999999999999500e-04
5.156250000000000000e-01,5.000000000000000000e-01,2.500000000000000052e-04,6.499999999999999702e-04
5.390625000000000000e-01,3.046875000000000000e-01,4.749999999999999990e-04,9.749999999999999552e-04
5.546875000000000000e-01,6.875000000000000000e-01,1.149999999999999981e-03,1.014999999999999930e-02
3.671875000000000000e-01,6.250000000000000000e-01,7.499999999999999343e-05,9.749999999999999552e-04
4.921875000000000000e-01,5.781250000000000000e-01,0.000000000000000000e+00,9.374999999999999653e-03
5.390625000000000000e-01,4.843750000000000000e-01,2.500000000000000120e-05,9.674999999999999573e-03
5.156250000000000000e-01,6.171875000000000000e-01,5.000000000000000240e-05,9.700000000000000289e-03
4.609375000000000000e-01,6.718750000000000000e-01,1.250000000000000026e-04,8.499999999999999526e-04
5.468750000000000000e-01,2.968750000000000000e-01,2.000000000000000096e-04,1.149999999999999981e-03
4.609375000000000000e-01,5.781250000000000000e-01,3.899999999999999821e-03,5.749999999999999903e-04
3.671875000000000000e-01,5.937500000000000000e-01,2.500000000000000120e-05,5.999999999999999474e-04
4.218750000000000000e-01,4.453125000000000000e-01,5.575000000000000094e-03,5.749999999999999903e-04
3.281250000000000000e-01,3.203125000000000000e-01,2.000000000000000096e-04,8.999999999999999754e-04
4.609375000000000000e-01,6.328125000000000000e-01,1.750000000000000036e-03,5.249999999999999676e-04
3.671875000000000000e-01,5.703125000000000000e-01,7.499999999999999343e-05,6.250000000000000130e-04
4.218750000000000000e-01,6.093750000000000000e-01,4.624999999999999771e-03,6.499999999999999702e-04
5.156250000000000000e-01,5.937500000000000000e-01,5.000000000000000240e-05,6.750000000000000357e-04
5.859375000000000000e-01,7.031250000000000000e-01,7.499999999999999343e-05,3.500000000000000073e-03
5.390625000000000000e-01,6.875000000000000000e-01,5.000000000000000240e-05,2.799999999999999972e-03
5.546875000000000000e-01,5.937500000000000000e-01,2.000000000000000096e-04,3.125000000000000173e-03
3.671875000000000000e-01,6.093750000000000000e-01,4.375000000000000416e-03,6.499999999999999702e-04
5.937500000000000000e-01,5.703125000000000000e-01,7.499999999999999343e-05,6.250000000000000130e-04
4.609375000000000000e-01,5.625000000000000000e-01,1.499999999999999869e-04,6.250000000000000130e-04
5.546875000000000000e-01,4.687500000000000000e-01,1.000000000000000048e-04,5.500000000000000331e-04
5.390625000000000000e-01,3.125000000000000000e-01,4.000000000000000192e-04,5.749999999999999903e-04
5.859375000000000000e-01,6.406250000000000000e-01,1.299999999999999940e-03,1.275000000000000092e-03
6.093750000000000000e-01,7.031250000000000000e-01,7.499999999999999343e-05,2.174999999999999850e-03
5.390625000000000000e-01,6.015625000000000000e-01,1.499999999999999869e-04,1.425000000000000051e-03
5.546875000000000000e-01,5.234375000000000000e-01,1.499999999999999869e-04,6.250000000000000130e-04
5.156250000000000000e-01,6.718750000000000000e-01,2.500000000000000052e-04,2.075000000000000022e-03
4.218750000000000000e-01,5.937500000000000000e-01,7.499999999999999343e-05,8.249999999999999955e-04
5.937500000000000000e-01,6.406250000000000000e-01,4.950000000000000407e-03,2.299999999999999961e-03
4.062500000000000000e-01,6.171875000000000000e-01,7.499999999999999343e-05,7.300000000000000065e-03
5.546875000000000000e-01,6.406250000000000000e-01,0.000000000000000000e+00,1.825000000000000016e-03
5.000000000000000000e-01,6.171875000000000000e-01,7.499999999999999343e-05,6.624999999999999813e-03
6.171875000000000000e-01,7.109375000000000000e-01,0.000000000000000000e+00,2.275000000000000112e-03
5.234375000000000000e-01,6.484375000000000000e-01,2.500000000000000120e-05,1.624999999999999925e-03
5.937500000000000000e-01,6.250000000000000000e-01,5.725000000000000054e-03,5.749999999999999903e-04
5.234375000000000000e-01,6.640625000000000000e-01,5.000000000000000240e-05,6.499999999999999702e-04
5.546875000000000000e-01,5.937500000000000000e-01,1.250000000000000026e-04,4.499999999999999877e-04
5.937500000000000000e-01,6.328125000000000000e-01,1.649999999999999991e-03,6.499999999999999702e-04
6.171875000000000000e-01,7.187500000000000000e-01,0.000000000000000000e+00,9.250000000000000409e-04
5.546875000000000000e-01,5.703125000000000000e-01,2.249999999999999938e-04,4.000000000000000192e-04
6.484375000000000000e-01,6.250000000000000000e-01,5.150000000000000064e-03,6.550000000000000266e-03
3.125000000000000000e-01,6.171875000000000000e-01,2.500000000000000120e-05,8.000000000000000383e-04
4.062500000000000000e-01,5.078125000000000000e-01,1.000000000000000048e-04,8.000000000000000383e-04
5.937500000000000000e-01,6.953125000000000000e-01,5.000000000000000240e-05,6.649999999999999661e-03
6.171875000000000000e-01,7.265625000000000000e-01,2.500000000000000120e-05,6.749999999999999924e-03
3.671875000000000000e-01,5.937500000000000000e-01,5.324999999999999872e-03,6.499999999999999702e-04
4.062500000000000000e-01,6.406250000000000000e-01,2.299999999999999961e-03,5.400000000000000286e-03
3.125000000000000000e-01,5.937500000000000000e-01,2.500000000000000120e-05,5.725000000000000054e-03
5.234375000000000000e-01,5.468750000000000000e-01,5.174999999999999913e-03,2.700000000000000143e-03
5.000000000000000000e-01,5.156250000000000000e-01,5.000000000000000240e-05,2.350000000000000092e-03
4.687500000000000000e-01,4.765625000000000000e-01,2.750000000000000166e-04,1.675000000000000057e-03
4.296875000000000000e-01,5.703125000000000000e-01,4.700000000000000185e-03,1.525000000000000097e-03
5.000000000000000000e-01,4.531250000000000000e-01,2.500000000000000120e-05,6.999999999999999929e-04
4.687500000000000000e-01,3.828125000000000000e-01,1.499999999999999869e-04,6.499999999999999702e-04
5.234375000000000000e-01,5.781250000000000000e-01,1.575000000000000011e-03,6.999999999999999929e-04
2.812500000000000000e-01,4.453125000000000000e-01,1.749999999999999982e-04,7.749999999999999728e-04
5.000000000000000000e-01,4.062500000000000000e-01,3.249999999999999851e-04,5.999999999999999474e-04
4.687500000000000000e-01,2.265625000000000000e-01,1.250000000000000026e-04,1.075000000000000001e-03
3.750000000000000000e-01,2.656250000000000000e-01,2.500000000000000120e-05,9.250000000000000409e-04
2.734375000000000000e-01,6.015625000000000000e-01,4.825000000000000296e-03,8.000000000000000383e-04
3.671875000000000000e-01,4.765625000000000000e-01,1.499999999999999869e-04,6.499999999999999702e-04
5.937500000000000000e-01,5.156250000000000000e-01,1.000000000000000048e-04,9.875000000000000097e-03
5.234375000000000000e-01,4.765625000000000000e-01,1.499999999999999869e-04,1.014999999999999930e-02
5.546875000000000000e-01,4.765625000000000000e-01,1.250000000000000026e-04,9.499999999999999764e-03
3.125000000000000000e-01,5.078125000000000000e-01,5.024999999999999953e-03,9.250000000000000409e-04
2.187500000000000000e-01,3.359375000000000000e-01,3.499999999999999964e-04,1.049999999999999935e-03
3.671875000000000000e-01,6.015625000000000000e-01,2.075000000000000022e-03,5.425000000000000135e-03
2.734375000000000000e-01,5.390625000000000000e-01,1.250000000000000026e-04,5.599999999999999943e-03
4.609375000000000000e-01,5.078125000000000000e-01,7.900000000000000772e-03,7.500000000000000156e-04
5.234375000000000000e-01,4.296875000000000000e-01,2.500000000000000052e-04,6.999999999999999929e-04
5.000000000000000000e-01,4.453125000000000000e-01,5.000000000000000240e-05,6.750000000000000357e-04
5.625000000000000000e-01,6.640625000000000000e-01,1.724999999999999971e-03,1.025000000000000086e-03
5.234375000000000000e-01,4.765625000000000000e-01,3.249999999999999851e-04,6.499999999999999702e-04
3.515625000000000000e-01,5.156250000000000000e-01,7.499999999999999343e-05,5.875000000000000014e-03
2.578125000000000000e-01,5.390625000000000000e-01,1.250000000000000026e-04,5.624999999999999792e-03
5.000000000000000000e-01,4.687500000000000000e-01,1.250000000000000026e-04,5.249999999999999676e-04
5.156250000000000000e-01,5.859375000000000000e-01,4.425000000000000114e-03,2.700000000000000143e-03
4.921875000000000000e-01,5.625000000000000000e-01,2.500000000000000120e-05,2.724999999999999992e-03
4.453125000000000000e-01,5.703125000000000000e-01,5.000000000000000240e-05,2.975000000000000214e-03
4.453125000000000000e-01,4.921875000000000000e-01,4.624999999999999771e-03,6.499999999999999702e-04
4.921875000000000000e-01,5.390625000000000000e-01,0.000000000000000000e+00,6.499999999999999702e-04
4.218750000000000000e-01,5.390625000000000000e-01,1.250000000000000026e-04,9.499999999999999981e-04
4.921875000000000000e-01,6.250000000000000000e-01,1.750000000000000036e-03,8.999999999999999754e-04
5.156250000000000000e-01,6.171875000000000000e-01,5.000000000000000240e-05,1.025000000000000086e-03
3.671875000000000000e-01,5.078125000000000000e-01,1.250000000000000026e-04,4.799999999999999580e-03
4.453125000000000000e-01,4.453125000000000000e-01,2.000000000000000096e-04,6.999999999999999929e-04
2.734375000000000000e-01,4.843750000000000000e-01,2.500000000000000120e-05,4.749999999999999882e-03
5.546875000000000000e-01,6.250000000000000000e-01,5.224999999999999610e-03,1.559999999999999928e-02
5.312500000000000000e-01,5.781250000000000000e-01,5.000000000000000240e-05,1.549999999999999989e-02
4.843750000000000000e-01,5.703125000000000000e-01,2.249999999999999938e-04,1.487499999999999933e-02
5.000000000000000000e-01,5.625000000000000000e-01,2.500000000000000120e-05,1.487499999999999933e-02
3.671875000000000000e-01,6.171875000000000000e-01,4.400000000000000265e-03,6.750000000000000357e-04
2.734375000000000000e-01,4.218750000000000000e-01,3.249999999999999851e-04,8.249999999999999955e-04
4.062500000000000000e-01,6.640625000000000000e-01,2.050000000000000173e-03,7.125000000000000257e-03
3.125000000000000000e-01,5.937500000000000000e-01,1.000000000000000048e-04,7.125000000000000257e-03
4.062500000000000000e-01,6.015625000000000000e-01,1.347500000000000087e-02,8.675000000000000419e-03
3.125000000000000000e-01,5.781250000000000000e-01,5.000000000000000240e-05,8.550000000000000308e-03
4.843750000000000000e-01,5.859375000000000000e-01,3.824999999999999841e-03,1.299999999999999940e-03
5.312500000000000000e-01,5.781250000000000000e-01,5.000000000000000240e-05,1.275000000000000092e-03
5.546875000000000000e-01,4.921875000000000000e-01,7.499999999999999343e-05,6.750000000000000357e-04
5.000000000000000000e-01,5.078125000000000000e-01,5.000000000000000240e-05,6.999999999999999929e-04
4.609375000000000000e-01,5.078125000000000000e-01,5.000000000000000104e-03,6.750000000000000357e-04
5.312500000000000000e-01,5.625000000000000000e-01,2.000000000000000096e-04,7.249999999999999500e-04
5.000000000000000000e-01,2.734375000000000000e-01,3.750000000000000078e-04,7.249999999999999500e-04
3.125000000000000000e-01,6.171875000000000000e-01,1.399999999999999986e-03,8.249999999999999955e-04
4.062500000000000000e-01,4.140625000000000000e-01,2.249999999999999938e-04,9.499999999999999981e-04
5.546875000000000000e-01,6.796875000000000000e-01,1.499999999999999869e-04,5.000000000000000104e-04
5.312500000000000000e-01,5.468750000000000000e-01,2.500000000000000052e-04,3.750000000000000078e-04
5.000000000000000000e-01,5.781250000000000000e-01,1.499999999999999869e-04,5.749999999999999903e-04
3.125000000000000000e-01,2.109375000000000000e-01,3.000000000000000062e-03,1.250000000000000026e-03
2.578125000000000000e-01,6.484375000000000000e-01,1.750000000000000036e-03,7.249999999999999500e-04
3.515625000000000000e-01,5.625000000000000000e-01,7.499999999999999343e-05,5.999999999999999474e-04
5.937500000000000000e-01,6.484375000000000000e-01,1.250000000000000026e-04,5.850000000000000165e-03
5.703125000000000000e-01,6.015625000000000000e-01,5.000000000000000240e-05,6.400000000000000307e-03
5.000000000000000000e-01,6.718750000000000000e-01,2.500000000000000120e-05,6.649999999999999661e-03
5.390625000000000000e-01,5.781250000000000000e-01,5.000000000000000240e-05,5.975000000000000276e-03
2.187500000000000000e-01,5.625000000000000000e-01,4.850000000000000144e-03,6.999999999999999929e-04
3.125000000000000000e-01,5.468750000000000000e-01,2.500000000000000120e-05,7.500000000000000156e-04
3.515625000000000000e-01,6.718750000000000000e-01,2.650000000000000012e-03,7.074999999999999692e-03
2.578125000000000000e-01,6.328125000000000000e-01,1.250000000000000026e-04,7.074999999999999692e-03
5.000000000000000000e-01,5.078125000000000000e-01,5.049999999999999802e-03,2.625000000000000163e-03
5.390625000000000000e-01,5.625000000000000000e-01,5.000000000000000240e-05,2.374999999999999941e-03
4.765625000000000000e-01,5.859375000000000000e-01,5.000000000000000240e-05,1.575000000000000011e-03
5.000000000000000000e-01,5.156250000000000000e-01,4.250000000000000305e-03,2.899999999999999800e-03
5.312500000000000000e-01,5.781250000000000000e-01,7.499999999999999343e-05,1.049999999999999935e-03
4.609375000000000000e-01,4.296875000000000000e-01,2.000000000000000096e-04,5.249999999999999676e-04
3.281250000000000000e-01,6.250000000000000000e-01,1.724999999999999971e-03,6.499999999999999702e-04
5.390625000000000000e-01,6.171875000000000000e-01,5.000000000000000240e-05,8.750000000000000182e-04
2.343750000000000000e-01,5.703125000000000000e-01,5.000000000000000240e-05,7.249999999999999500e-04
4.765625000000000000e-01,6.093750000000000000e-01,7.499999999999999343e-05,9.499999999999999981e-04
2.734375000000000000e-01,5.781250000000000000e-01,5.575000000000000094e-03,1.049999999999999935e-03
3.671875000000000000e-01,5.937500000000000000e-01,2.500000000000000120e-05,8.499999999999999526e-04
4.453125000000000000e-01,5.859375000000000000e-01,1.000000000000000048e-04,1.474999999999999966e-03
4.921875000000000000e-01,5.234375000000000000e-01,2.500000000000000120e-05,2.724999999999999992e-03
5.078125000000000000e-01,6.328125000000000000e-01,2.500000000000000120e-05,1.775000000000000102e-03
4.609375000000000000e-01,4.843750000000000000e-01,3.499999999999999964e-04,3.125000000000000173e-03
4.375000000000000000e-01,5.234375000000000000e-01,4.324999999999999852e-03,5.999999999999999474e-04
5.000000000000000000e-01,5.781250000000000000e-01,0.000000000000000000e+00,1.250000000000000026e-03
4.921875000000000000e-01,1.484375000000000000e-01,4.249999999999999763e-04,8.750000000000000182e-04
3.671875000000000000e-01,5.781250000000000000e-01,5.000000000000000240e-05,7.500000000000000156e-04
2.734375000000000000e-01,5.156250000000000000e-01,2.249999999999999938e-04,7.249999999999999500e-04
4.609375000000000000e-01,3.906250000000000000e-01,1.299999999999999940e-03,1.525000000000000097e-03
4.921875000000000000e-01,4.921875000000000000e-01,2.500000000000000120e-05,3.075000000000000042e-03
4.453125000000000000e-01,6.250000000000000000e-01,5.000000000000000240e-05,1.474999999999999966e-03
5.156250000000000000e-01,6.718750000000000000e-01,2.500000000000000120e-05,4.799999999999999580e-03
3.671875000000000000e-01,7.031250000000000000e-01,4.249999999999999763e-04,1.149999999999999981e-03
2.734375000000000000e-01,6.171875000000000000e-01,7.499999999999999343e-05,6.250000000000000130e-04
4.609375000000000000e-01,3.203125000000000000e-01,4.975000000000000255e-03,9.250000000000000409e-04
4.375000000000000000e-01,6.875000000000000000e-01,5.000000000000000240e-05,1.425000000000000051e-03
5.000000000000000000e-01,5.937500000000000000e-01,1.499999999999999869e-04,1.199999999999999895e-03
3.125000000000000000e-01,6.015625000000000000e-01,1.499999999999999869e-04,8.000000000000000383e-04
4.062500000000000000e-01,6.406250000000000000e-01,2.500000000000000120e-05,8.249999999999999955e-04
4.062500000000000000e-01,4.921875000000000000e-01,5.275000000000000175e-03,8.499999999999999526e-04
5.312500000000000000e-01,6.171875000000000000e-01,1.000000000000000048e-04,7.500000000000000156e-04
5.000000000000000000e-01,5.625000000000000000e-01,5.000000000000000240e-05,6.250000000000000130e-04
4.375000000000000000e-01,4.218750000000000000e-01,5.000000000000000240e-05,5.749999999999999903e-04
4.609375000000000000e-01,5.703125000000000000e-01,2.500000000000000120e-05,6.499999999999999702e-04
4.062500000000000000e-01,5.156250000000000000e-01,1.675000000000000057e-03,1.299999999999999940e-03
5.312500000000000000e-01,6.406250000000000000e-01,1.000000000000000048e-04,3.500000000000000073e-03
4.609375000000000000e-01,6.015625000000000000e-01,7.499999999999999343e-05,2.150000000000000001e-03
4.375000000000000000e-01,5.156250000000000000e-01,7.499999999999999343e-05,6.750000000000000357e-04
5.000000000000000000e-01,5.781250000000000000e-01,1.000000000000000048e-04,1.675000000000000057e-03
4.921875000000000000e-01,2.656250000000000000e-01,5.249999999999999676e-04,7.249999999999999500e-04
4.062500000000000000e-01,5.859375000000000000e-01,4.100000000000000346e-03,1.000000000000000021e-03
4.609375000000000000e-01,6.484375000000000000e-01,1.250000000000000026e-04,1.224999999999999960e-03
5.000000000000000000e-01,2.968750000000000000e-01,1.000000000000000048e-04,1.250000000000000026e-03
4.375000000000000000e-01,5.468750000000000000e-01,2.500000000000000120e-05,7.500000000000000156e-04
5.312500000000000000e-01,6.718750000000000000e-01,1.000000000000000048e-04,1.699999999999999905e-03
4.375000000000000000e-01,5.468750000000000000e-01,4.924999999999999691e-03,5.500000000000000331e-04
5.546875000000000000e-01,6.093750000000000000e-01,0.000000000000000000e+00,5.749999999999999903e-04
5.000000000000000000e-01,6.171875000000000000e-01,5.000000000000000240e-05,6.499999999999999702e-04
4.609375000000000000e-01,4.921875000000000000e-01,2.500000000000000120e-05,5.000000000000000104e-04
5.312500000000000000e-01,4.453125000000000000e-01,2.750000000000000166e-04,3.750000000000000078e-04
5.312500000000000000e-01,6.796875000000000000e-01,1.500000000000000031e-03,3.125000000000000173e-03
5.546875000000000000e-01,6.562500000000000000e-01,5.000000000000000240e-05,3.474999999999999790e-03
4.375000000000000000e-01,6.640625000000000000e-01,2.249999999999999938e-04,1.299999999999999940e-03
5.000000000000000000e-01,6.406250000000000000e-01,2.500000000000000120e-05,2.749999999999999840e-03
4.609375000000000000e-01,5.546875000000000000e-01,3.499999999999999964e-04,6.750000000000000357e-04
4.375000000000000000e-01,5.937500000000000000e-01,4.199999999999999740e-03,1.250000000000000026e-03
5.546875000000000000e-01,6.328125000000000000e-01,2.000000000000000096e-04,2.374999999999999941e-03
4.609375000000000000e-01,5.546875000000000000e-01,5.000000000000000240e-05,6.999999999999999929e-04
4.062500000000000000e-01,4.687500000000000000e-01,5.000000000000000240e-05,1.075000000000000001e-03
5.000000000000000000e-01,6.640625000000000000e-01,5.000000000000000240e-05,1.575000000000000011e-03
5.312500000000000000e-01,6.718750000000000000e-01,5.000000000000000240e-05,1.325000000000000006e-03
4.140625000000000000e-01,3.046875000000000000e-01,5.500000000000000331e-04,8.750000000000000182e-04
5.546875000000000000e-01,5.937500000000000000e-01,4.125000000000000194e-03,1.350000000000000071e-03
4.375000000000000000e-01,5.781250000000000000e-01,5.000000000000000240e-05,9.499999999999999981e-04
5.000000000000000000e-01,6.484375000000000000e-01,2.500000000000000120e-05,1.224999999999999960e-03
4.062500000000000000e-01,5.390625000000000000e-01,5.000000000000000240e-05,8.499999999999999526e-04
5.937500000000000000e-01,5.390625000000000000e-01,1.000000000000000048e-04,7.749999999999999728e-04
5.312500000000000000e-01,5.468750000000000000e-01,5.000000000000000240e-05,8.000000000000000383e-04
4.609375000000000000e-01,4.453125000000000000e-01,1.749999999999999982e-04,7.500000000000000156e-04
5.312500000000000000e-01,6.562500000000000000e-01,1.874999999999999931e-03,1.600000000000000077e-03
5.937500000000000000e-01,6.875000000000000000e-01,2.500000000000000120e-05,2.024999999999999890e-03
5.000000000000000000e-01,5.546875000000000000e-01,7.499999999999999343e-05,1.724999999999999971e-03
5.546875000000000000e-01,4.765625000000000000e-01,2.500000000000000120e-05,9.499999999999999981e-04
4.062500000000000000e-01,6.328125000000000000e-01,3.249999999999999851e-04,5.749999999999999903e-04
4.609375000000000000e-01,4.062500000000000000e-01,5.749999999999999903e-04,6.999999999999999929e-04
4.375000000000000000e-01,2.968750000000000000e-01,2.500000000000000052e-04,7.749999999999999728e-04
5.468750000000000000e-01,1.718750000000000000e-01,3.075000000000000042e-03,5.999999999999999474e-04
3.750000000000000000e-01,6.640625000000000000e-01,1.000000000000000021e-03,1.025000000000000086e-03
5.468750000000000000e-01,3.671875000000000000e-01,5.000000000000000240e-05,1.444999999999999930e-02
5.000000000000000000e-01,6.796875000000000000e-01,7.499999999999999343e-05,1.367499999999999966e-02
5.937500000000000000e-01,7.109375000000000000e-01,0.000000000000000000e+00,1.365000000000000067e-02
4.687500000000000000e-01,5.078125000000000000e-01,7.499999999999999343e-05,4.749999999999999990e-04
5.234375000000000000e-01,6.250000000000000000e-01,5.000000000000000240e-05,1.477499999999999994e-02
5.312500000000000000e-01,1.250000000000000000e-01,1.124999999999999915e-03,2.500000000000000120e-05
2.812500000000000000e-01,6.093750000000000000e-01,3.524999999999999922e-03,6.250000000000000130e-04
3.750000000000000000e-01,2.343750000000000000e-01,2.500000000000000052e-04,5.500000000000000331e-04
2.421875000000000000e-01,7.031250000000000000e-01,1.825000000000000016e-03,6.499999999999999702e-04
3.359375000000000000e-01,3.671875000000000000e-01,6.499999999999999702e-04,8.249999999999999955e-04
3.750000000000000000e-01,7.031250000000000000e-01,6.000000000000000125e-03,1.179999999999999973e-02
2.812500000000000000e-01,6.484375000000000000e-01,1.250000000000000026e-04,1.214999999999999934e-02
4.921875000000000000e-01,6.796875000000000000e-01,3.524999999999999922e-03,1.075000000000000001e-03
5.234375000000000000e-01,5.781250000000000000e-01,1.250000000000000026e-04,6.750000000000000357e-04
5.859375000000000000e-01,5.859375000000000000e-01,0.000000000000000000e+00,5.500000000000000331e-04
5.468750000000000000e-01,5.468750000000000000e-01,2.500000000000000120e-05,8.999999999999999754e-04
5.468750000000000000e-01,5.781250000000000000e-01,1.874999999999999931e-03,1.299999999999999940e-03
5.000000000000000000e-01,6.875000000000000000e-01,1.000000000000000048e-04,8.249999999999999955e-04
5.234375000000000000e-01,5.546875000000000000e-01,5.000000000000000240e-05,6.750000000000000357e-04
5.937500000000000000e-01,6.953125000000000000e-01,1.000000000000000048e-04,1.299999999999999940e-03
6.015625000000000000e-01,6.015625000000000000e-01,5.324999999999999872e-03,1.825000000000000016e-03
5.625000000000000000e-01,6.875000000000000000e-01,2.500000000000000120e-05,1.624999999999999925e-03
6.328125000000000000e-01,7.031250000000000000e-01,0.000000000000000000e+00,1.350000000000000071e-03
6.015625000000000000e-01,5.781250000000000000e-01,4.550000000000000225e-03,8.249999999999999955e-04
5.390625000000000000e-01,5.859375000000000000e-01,2.000000000000000096e-04,5.249999999999999676e-04
5.937500000000000000e-01,1.953125000000000000e-01,1.000000000000000021e-03,1.075000000000000001e-03
5.781250000000000000e-01,7.890625000000000000e-01,1.000000000000000021e-03,1.149999999999999981e-03
2.421875000000000000e-01,6.093750000000000000e-01,1.250000000000000026e-04,6.499999999999999702e-04
3.359375000000000000e-01,6.328125000000000000e-01,0.000000000000000000e+00,8.499999999999999526e-04
5.078125000000000000e-01,7.265625000000000000e-01,5.000000000000000240e-05,1.100000000000000066e-03
5.546875000000000000e-01,5.312500000000000000e-01,2.500000000000000052e-04,5.249999999999999676e-04
5.625000000000000000e-01,6.875000000000000000e-01,5.425000000000000135e-03,1.537499999999999978e-02
4.531250000000000000e-01,6.171875000000000000e-01,2.500000000000000052e-04,1.112499999999999947e-02
5.000000000000000000e-01,5.468750000000000000e-01,7.499999999999999343e-05,1.159999999999999920e-02
2.812500000000000000e-01,5.625000000000000000e-01,7.499999999999999343e-05,5.999999999999999474e-04
3.750000000000000000e-01,5.781250000000000000e-01,0.000000000000000000e+00,7.500000000000000156e-04
5.234375000000000000e-01,5.000000000000000000e-01,1.250000000000000026e-04,1.167499999999999961e-02
2.812500000000000000e-01,4.687500000000000000e-01,4.400000000000000265e-03,7.500000000000000156e-04
3.750000000000000000e-01,4.843750000000000000e-01,1.000000000000000048e-04,5.999999999999999474e-04
2.421875000000000000e-01,6.406250000000000000e-01,2.075000000000000022e-03,6.999999999999999929e-04
3.359375000000000000e-01,2.656250000000000000e-01,7.749999999999999728e-04,1.250000000000000026e-03
3.750000000000000000e-01,6.328125000000000000e-01,6.024999999999999974e-03,9.100000000000000450e-03
2.812500000000000000e-01,6.093750000000000000e-01,5.000000000000000240e-05,9.424999999999999351e-03
5.625000000000000000e-01,6.796875000000000000e-01,4.199999999999999740e-03,5.749999999999999903e-04
5.000000000000000000e-01,5.234375000000000000e-01,4.249999999999999763e-04,6.750000000000000357e-04
5.234375000000000000e-01,4.609375000000000000e-01,5.000000000000000240e-05,5.000000000000000104e-04
5.625000000000000000e-01,6.953125000000000000e-01,1.425000000000000051e-03,3.399999999999999811e-03
5.000000000000000000e-01,6.250000000000000000e-01,2.500000000000000052e-04,2.599999999999999881e-03
5.234375000000000000e-01,6.484375000000000000e-01,1.749999999999999982e-04,2.575000000000000032e-03
5.625000000000000000e-01,6.718750000000000000e-01,4.575000000000000074e-03,1.975000000000000193e-03
5.234375000000000000e-01,6.484375000000000000e-01,1.749999999999999982e-04,7.500000000000000156e-04
5.000000000000000000e-01,4.843750000000000000e-01,1.749999999999999982e-04,9.250000000000000409e-04
4.843750000000000000e-01,5.468750000000000000e-01,1.499999999999999869e-04,6.750000000000000357e-04
3.359375000000000000e-01,6.093750000000000000e-01,3.125000000000000173e-03,6.999999999999999929e-04
2.421875000000000000e-01,5.156250000000000000e-01,5.000000000000000240e-05,8.249999999999999955e-04
5.625000000000000000e-01,6.406250000000000000e-01,7.249999999999999500e-04,4.499999999999999877e-04
5.234375000000000000e-01,6.093750000000000000e-01,7.499999999999999343e-05,5.249999999999999676e-04
5.937500000000000000e-01,4.375000000000000000e-01,1.275000000000000092e-03,1.750000000000000036e-03
5.234375000000000000e-01,6.875000000000000000e-01,5.000000000000000104e-04,1.474999999999999966e-03
5.625000000000000000e-01,5.625000000000000000e-01,1.000000000000000048e-04,8.249999999999999955e-04
3.750000000000000000e-01,6.406250000000000000e-01,1.250000000000000026e-04,2.975000000000000214e-03
2.812500000000000000e-01,5.000000000000000000e-01,3.750000000000000078e-04,6.499999999999999702e-03
2.734375000000000000e-01,4.843750000000000000e-01,2.999999999999999737e-04,7.500000000000000156e-04
4.531250000000000000e-01,6.796875000000000000e-01,3.350000000000000113e-03,5.749999999999999903e-04
3.828125000000000000e-01,6.796875000000000000e-01,2.399999999999999790e-03,8.000000000000000383e-04
5.000000000000000000e-01,7.031250000000000000e-01,1.000000000000000048e-04,1.377500000000000079e-02
5.937500000000000000e-01,7.265625000000000000e-01,5.000000000000000240e-05,1.342499999999999943e-02
2.890625000000000000e-01,6.640625000000000000e-01,2.500000000000000120e-05,1.299999999999999940e-03
5.234375000000000000e-01,6.640625000000000000e-01,0.000000000000000000e+00,1.439999999999999961e-02
5.312500000000000000e-01,3.828125000000000000e-01,4.749999999999999990e-04,6.999999999999999929e-04
3.281250000000000000e-01,7.265625000000000000e-01,4.749999999999999882e-03,5.500000000000000331e-04
2.343750000000000000e-01,6.406250000000000000e-01,2.500000000000000120e-05,7.249999999999999500e-04
3.828125000000000000e-01,7.343750000000000000e-01,2.550000000000000183e-03,3.374999999999999962e-03
2.890625000000000000e-01,6.328125000000000000e-01,7.499999999999999343e-05,3.200000000000000153e-03
3.828125000000000000e-01,6.875000000000000000e-01,5.174999999999999913e-03,3.874999999999999972e-03
2.890625000000000000e-01,6.640625000000000000e-01,7.499999999999999343e-05,3.625000000000000184e-03
4.921875000000000000e-01,6.562500000000000000e-01,3.350000000000000113e-03,1.075000000000000001e-03
5.468750000000000000e-01,5.390625000000000000e-01,5.000000000000000240e-05,1.575000000000000011e-03
5.859375000000000000e-01,5.703125000000000000e-01,0.000000000000000000e+00,6.499999999999999702e-04
5.234375000000000000e-01,6.015625000000000000e-01,2.249999999999999938e-04,6.250000000000000130e-04
5.468750000000000000e-01,5.078125000000000000e-01,1.699999999999999905e-03,1.425000000000000051e-03
5.937500000000000000e-01,7.578125000000000000e-01,2.000000000000000096e-04,1.799999999999999951e-03
5.000000000000000000e-01,6.640625000000000000e-01,2.500000000000000120e-05,1.049999999999999935e-03
3.828125000000000000e-01,6.718750000000000000e-01,1.499999999999999869e-04,1.975000000000000193e-03
2.890625000000000000e-01,6.875000000000000000e-01,2.500000000000000120e-05,4.575000000000000074e-03
5.234375000000000000e-01,5.156250000000000000e-01,1.749999999999999982e-04,6.999999999999999929e-04
5.312500000000000000e-01,4.140625000000000000e-01,2.750000000000000166e-04,6.250000000000000130e-04
5.781250000000000000e-01,6.093750000000000000e-01,4.725000000000000033e-03,2.324999999999999810e-03
6.171875000000000000e-01,7.343750000000000000e-01,0.000000000000000000e+00,1.850000000000000082e-03
5.234375000000000000e-01,6.875000000000000000e-01,1.250000000000000026e-04,1.724999999999999971e-03
3.671875000000000000e-01,7.421875000000000000e-01,1.000000000000000048e-04,1.275000000000000092e-03
2.734375000000000000e-01,6.953125000000000000e-01,2.500000000000000120e-05,8.750000000000000182e-04
6.093750000000000000e-01,6.015625000000000000e-01,4.250000000000000305e-03,1.224999999999999960e-03
5.156250000000000000e-01,6.640625000000000000e-01,2.000000000000000096e-04,7.749999999999999728e-04
5.781250000000000000e-01,4.218750000000000000e-01,4.499999999999999877e-04,1.149999999999999981e-03
5.546875000000000000e-01,2.968750000000000000e-01,1.749999999999999982e-04,1.250000000000000026e-03
5.781250000000000000e-01,5.703125000000000000e-01,1.175000000000000046e-03,1.100000000000000066e-03
6.093750000000000000e-01,5.078125000000000000e-01,0.000000000000000000e+00,8.750000000000000182e-04
5.156250000000000000e-01,5.546875000000000000e-01,2.500000000000000120e-05,1.250000000000000026e-03
3.906250000000000000e-01,7.109375000000000000e-01,2.750000000000000166e-04,9.499999999999999981e-04
5.546875000000000000e-01,4.765625000000000000e-01,2.500000000000000120e-05,6.750000000000000357e-04
2.968750000000000000e-01,6.796875000000000000e-01,5.000000000000000240e-05,7.749999999999999728e-04
4.531250000000000000e-01,5.625000000000000000e-01,4.324999999999999852e-03,1.449999999999999900e-03
5.468750000000000000e-01,5.312500000000000000e-01,1.399999999999999986e-03,1.372499999999999935e-02
4.218750000000000000e-01,5.000000000000000000e-01,7.499999999999999343e-05,7.749999999999999728e-04
5.156250000000000000e-01,5.312500000000000000e-01,7.499999999999999343e-05,1.425000000000000051e-02
3.281250000000000000e-01,3.906250000000000000e-01,2.000000000000000096e-04,7.249999999999999500e-04
5.703125000000000000e-01,5.390625000000000000e-01,2.500000000000000120e-05,1.384999999999999946e-02
3.281250000000000000e-01,4.375000000000000000e-01,4.449999999999999963e-03,6.999999999999999929e-04
2.890625000000000000e-01,7.109375000000000000e-01,2.000000000000000042e-03,6.999999999999999929e-04
3.828125000000000000e-01,4.765625000000000000e-01,4.000000000000000192e-04,6.250000000000000130e-04
4.218750000000000000e-01,4.687500000000000000e-01,5.725000000000000054e-03,1.112499999999999947e-02
3.281250000000000000e-01,4.218750000000000000e-01,1.250000000000000026e-04,1.154999999999999950e-02
5.703125000000000000e-01,5.390625000000000000e-01,4.599999999999999922e-03,5.999999999999999474e-04
5.156250000000000000e-01,5.468750000000000000e-01,5.000000000000000240e-05,6.250000000000000130e-04
5.468750000000000000e-01,4.921875000000000000e-01,1.250000000000000026e-04,6.499999999999999702e-04
5.703125000000000000e-01,7.031250000000000000e-01,1.600000000000000077e-03,3.125000000000000173e-03
5.156250000000000000e-01,6.328125000000000000e-01,1.749999999999999982e-04,3.075000000000000042e-03
5.468750000000000000e-01,6.953125000000000000e-01,0.000000000000000000e+00,3.399999999999999811e-03
5.703125000000000000e-01,6.484375000000000000e-01,5.074999999999999650e-03,3.824999999999999841e-03
5.468750000000000000e-01,6.484375000000000000e-01,2.500000000000000120e-05,3.474999999999999790e-03
5.156250000000000000e-01,6.250000000000000000e-01,1.000000000000000048e-04,2.975000000000000214e-03
3.828125000000000000e-01,5.468750000000000000e-01,4.449999999999999963e-03,6.999999999999999929e-04
4.765625000000000000e-01,6.875000000000000000e-01,2.000000000000000096e-04,8.249999999999999955e-04
5.468750000000000000e-01,4.296875000000000000e-01,2.750000000000000166e-04,5.249999999999999676e-04
5.156250000000000000e-01,5.156250000000000000e-01,5.000000000000000240e-05,6.499999999999999702e-04
5.156250000000000000e-01,7.031250000000000000e-01,1.399999999999999986e-03,5.249999999999999676e-04
5.468750000000000000e-01,6.562500000000000000e-01,0.000000000000000000e+00,1.149999999999999981e-03
5.703125000000000000e-01,6.562500000000000000e-01,1.499999999999999869e-04,1.075000000000000001e-03
3.281250000000000000e-01,6.953125000000000000e-01,1.000000000000000048e-04,1.000000000000000021e-03
4.218750000000000000e-01,6.718750000000000000e-01,5.000000000000000240e-05,5.500000000000000331e-04
3.828125000000000000e-01,4.843750000000000000e-01,5.499999999999999681e-03,9.250000000000000409e-04
2.890625000000000000e-01,6.562500000000000000e-01,2.249999999999999938e-04,1.175000000000000046e-03
5.703125000000000000e-01,6.875000000000000000e-01,7.499999999999999343e-05,7.100000000000000408e-03
6.406250000000000000e-01,7.812500000000000000e-01,0.000000000000000000e+00,6.749999999999999924e-03
6.093750000000000000e-01,7.187500000000000000e-01,1.749999999999999982e-04,6.700000000000000226e-03
2.890625000000000000e-01,6.328125000000000000e-01,5.150000000000000064e-03,6.499999999999999702e-04
1.953125000000000000e-01,5.000000000000000000e-01,2.249999999999999938e-04,8.000000000000000383e-04
2.890625000000000000e-01,3.359375000000000000e-01,2.650000000000000012e-03,1.022499999999999971e-02
3.828125000000000000e-01,6.171875000000000000e-01,2.000000000000000096e-04,1.000000000000000021e-02
5.156250000000000000e-01,6.484375000000000000e-01,4.125000000000000194e-03,1.175000000000000046e-03
4.531250000000000000e-01,6.015625000000000000e-01,1.749999999999999982e-04,6.250000000000000130e-04
4.765625000000000000e-01,6.015625000000000000e-01,0.000000000000000000e+00,5.500000000000000331e-04
5.468750000000000000e-01,4.921875000000000000e-01,5.074999999999999650e-03,9.499999999999999981e-04
5.156250000000000000e-01,6.250000000000000000e-01,1.250000000000000026e-04,6.750000000000000357e-04
4.765625000000000000e-01,5.546875000000000000e-01,5.000000000000000240e-05,6.499999999999999702e-04
5.859375000000000000e-01,7.734375000000000000e-01,1.850000000000000082e-03,3.200000000000000153e-03
5.468750000000000000e-01,5.000000000000000000e-01,1.250000000000000026e-04,1.575000000000000011e-03
5.156250000000000000e-01,5.468750000000000000e-01,2.500000000000000120e-05,1.000000000000000021e-03
3.828125000000000000e-01,5.937500000000000000e-01,2.249999999999999938e-04,9.100000000000000450e-03
2.890625000000000000e-01,4.843750000000000000e-01,1.749999999999999982e-04,9.050000000000000752e-03
5.703125000000000000e-01,6.796875000000000000e-01,4.624999999999999771e-03,1.275000000000000092e-03
5.078125000000000000e-01,6.484375000000000000e-01,2.500000000000000120e-05,1.075000000000000001e-03
5.312500000000000000e-01,5.546875000000000000e-01,1.000000000000000048e-04,6.750000000000000357e-04
5.156250000000000000e-01,6.015625000000000000e-01,5.074999999999999650e-03,7.249999999999999500e-04
4.765625000000000000e-01,5.859375000000000000e-01,7.499999999999999343e-05,5.999999999999999474e-04
4.921875000000000000e-01,3.671875000000000000e-01,2.249999999999999938e-04,6.750000000000000357e-04
3.828125000000000000e-01,5.781250000000000000e-01,1.250000000000000026e-03,1.374999999999999920e-03
2.890625000000000000e-01,5.156250000000000000e-01,3.249999999999999851e-04,1.275000000000000092e-03
5.312500000000000000e-01,6.562500000000000000e-01,0.000000000000000000e+00,4.174999999999999892e-03
4.765625000000000000e-01,6.406250000000000000e-01,1.499999999999999869e-04,1.275000000000000092e-03
5.078125000000000000e-01,6.171875000000000000e-01,5.000000000000000240e-05,4.174999999999999892e-03
3.828125000000000000e-01,5.703125000000000000e-01,4.799999999999999580e-03,5.999999999999999474e-04
2.890625000000000000e-01,6.250000000000000000e-01,2.750000000000000166e-04,8.249999999999999955e-04
4.765625000000000000e-01,6.015625000000000000e-01,5.000000000000000240e-05,1.317499999999999921e-02
5.468750000000000000e-01,6.953125000000000000e-01,2.500000000000000120e-05,1.342499999999999943e-02
5.156250000000000000e-01,6.484375000000000000e-01,7.499999999999999343e-05,1.264999999999999979e-02
2.890625000000000000e-01,4.296875000000000000e-01,4.649999999999999620e-03,7.749999999999999728e-04
1.953125000000000000e-01,5.312500000000000000e-01,2.249999999999999938e-04,8.750000000000000182e-04
2.890625000000000000e-01,6.015625000000000000e-01,2.599999999999999881e-03,7.049999999999999843e-03
3.828125000000000000e-01,6.328125000000000000e-01,5.000000000000000240e-05,6.875000000000000035e-03
5.468750000000000000e-01,6.328125000000000000e-01,9.799999999999999684e-03,5.500000000000000331e-04
4.765625000000000000e-01,6.250000000000000000e-01,1.250000000000000026e-04,6.499999999999999702e-04
5.156250000000000000e-01,5.781250000000000000e-01,2.500000000000000120e-05,5.999999999999999474e-04
5.468750000000000000e-01,7.187500000000000000e-01,1.799999999999999951e-03,3.425000000000000093e-03
5.156250000000000000e-01,6.640625000000000000e-01,2.500000000000000120e-05,3.550000000000000204e-03
4.765625000000000000e-01,6.484375000000000000e-01,1.000000000000000048e-04,3.350000000000000113e-03
3.828125000000000000e-01,5.625000000000000000e-01,2.000000000000000096e-04,7.649999999999999682e-03
2.890625000000000000e-01,4.843750000000000000e-01,4.000000000000000192e-04,6.975000000000000297e-03
4.765625000000000000e-01,6.328125000000000000e-01,4.150000000000000043e-03,2.599999999999999881e-03
5.468750000000000000e-01,6.093750000000000000e-01,2.500000000000000120e-05,3.150000000000000022e-03
5.156250000000000000e-01,5.859375000000000000e-01,1.000000000000000048e-04,2.925000000000000083e-03
5.468750000000000000e-01,5.937500000000000000e-01,4.300000000000000003e-03,1.075000000000000001e-03
5.156250000000000000e-01,5.781250000000000000e-01,7.499999999999999343e-05,1.000000000000000021e-03
5.703125000000000000e-01,5.937500000000000000e-01,0.000000000000000000e+00,6.999999999999999929e-04
5.156250000000000000e-01,6.640625000000000000e-01,2.099999999999999870e-03,6.750000000000000357e-04
3.828125000000000000e-01,6.718750000000000000e-01,2.500000000000000120e-05,3.150000000000000022e-03
5.703125000000000000e-01,7.031250000000000000e-01,0.000000000000000000e+00,1.124999999999999915e-03
5.468750000000000000e-01,6.718750000000000000e-01,2.500000000000000120e-05,9.749999999999999552e-04
2.890625000000000000e-01,6.484375000000000000e-01,7.499999999999999343e-05,3.874999999999999972e-03
3.828125000000000000e-01,6.171875000000000000e-01,5.950000000000000427e-03,7.500000000000000156e-04
6.640625000000000000e-01,7.187500000000000000e-01,7.499999999999999343e-05,1.399999999999999986e-03
6.406250000000000000e-01,5.937500000000000000e-01,1.250000000000000026e-04,9.499999999999999981e-04
2.890625000000000000e-01,6.562500000000000000e-01,1.000000000000000048e-04,1.224999999999999960e-03
6.093750000000000000e-01,4.687500000000000000e-01,2.249999999999999938e-04,7.500000000000000156e-04
6.484375000000000000e-01,4.765625000000000000e-01,2.999999999999999737e-04,4.499999999999999877e-04
6.171875000000000000e-01,4.609375000000000000e-01,1.000000000000000048e-04,4.749999999999999990e-04
2.890625000000000000e-01,6.093750000000000000e-01,5.000000000000000104e-03,7.500000000000000156e-04
1.953125000000000000e-01,4.453125000000000000e-01,1.749999999999999982e-04,8.249999999999999955e-04
5.859375000000000000e-01,5.390625000000000000e-01,1.499999999999999869e-04,6.250000000000000130e-04
6.250000000000000000e-01,4.453125000000000000e-01,1.000000000000000048e-04,6.750000000000000357e-04
5.703125000000000000e-01,5.312500000000000000e-01,1.825000000000000016e-03,8.499999999999999526e-04
5.859375000000000000e-01,6.328125000000000000e-01,0.000000000000000000e+00,5.999999999999999474e-04
6.250000000000000000e-01,6.484375000000000000e-01,7.499999999999999343e-05,8.750000000000000182e-04
3.828125000000000000e-01,6.484375000000000000e-01,4.499999999999999877e-04,1.064999999999999974e-02
2.890625000000000000e-01,4.453125000000000000e-01,2.500000000000000052e-04,1.052499999999999963e-02
5.625000000000000000e-01,2.968750000000000000e-01,1.499999999999999869e-04,7.749999999999999728e-04
5.859375000000000000e-01,3.046875000000000000e-01,2.899999999999999800e-03,8.249999999999999955e-04
5.703125000000000000e-01,5.781250000000000000e-01,2.599999999999999881e-03,4.150000000000000043e-03
5.156250000000000000e-01,6.953125000000000000e-01,2.500000000000000120e-05,1.724999999999999971e-03
5.468750000000000000e-01,6.562500000000000000e-01,5.000000000000000240e-05,3.524999999999999922e-03
5.703125000000000000e-01,5.468750000000000000e-01,5.700000000000000205e-03,1.199999999999999895e-03
5.234375000000000000e-01,5.937500000000000000e-01,1.749999999999999982e-04,7.749999999999999728e-04
3.828125000000000000e-01,6.171875000000000000e-01,5.000000000000000240e-05,8.999999999999999754e-04
5.468750000000000000e-01,6.171875000000000000e-01,0.000000000000000000e+00,5.249999999999999676e-04
2.890625000000000000e-01,5.156250000000000000e-01,2.500000000000000120e-05,1.175000000000000046e-03
5.859375000000000000e-01,5.390625000000000000e-01,1.749999999999999982e-04,6.250000000000000130e-04
5.703125000000000000e-01,5.156250000000000000e-01,1.675000000000000057e-03,4.599999999999999922e-03
5.859375000000000000e-01,6.640625000000000000e-01,7.499999999999999343e-05,2.374999999999999941e-03
5.234375000000000000e-01,6.171875000000000000e-01,7.499999999999999343e-05,1.374999999999999920e-03
5.468750000000000000e-01,6.796875000000000000e-01,2.500000000000000120e-05,2.975000000000000214e-03
2.890625000000000000e-01,5.546875000000000000e-01,1.250000000000000026e-04,3.000000000000000062e-03
3.828125000000000000e-01,6.406250000000000000e-01,2.500000000000000120e-05,1.825000000000000016e-03
5.703125000000000000e-01,3.828125000000000000e-01,4.975000000000000255e-03,6.474999999999999853e-03
5.859375000000000000e-01,6.562500000000000000e-01,2.500000000000000120e-05,4.150000000000000043e-03
3.828125000000000000e-01,6.718750000000000000e-01,2.500000000000000120e-05,2.850000000000000103e-03
5.312500000000000000e-01,6.562500000000000000e-01,5.000000000000000240e-05,3.599999999999999901e-03
5.546875000000000000e-01,6.328125000000000000e-01,7.499999999999999343e-05,3.850000000000000124e-03
2.890625000000000000e-01,6.093750000000000000e-01,2.500000000000000120e-05,3.575000000000000053e-03
5.312500000000000000e-01,6.015625000000000000e-01,5.024999999999999953e-03,1.075000000000000001e-03
3.828125000000000000e-01,6.328125000000000000e-01,2.500000000000000120e-05,8.499999999999999526e-04
6.015625000000000000e-01,5.546875000000000000e-01,1.000000000000000048e-04,5.749999999999999903e-04
5.546875000000000000e-01,5.078125000000000000e-01,5.000000000000000240e-05,9.250000000000000409e-04
2.890625000000000000e-01,5.390625000000000000e-01,7.499999999999999343e-05,8.499999999999999526e-04
6.015625000000000000e-01,7.656250000000000000e-01,1.699999999999999905e-03,3.975000000000000235e-03
5.703125000000000000e-01,4.531250000000000000e-01,5.000000000000000240e-05,4.375000000000000416e-03
5.312500000000000000e-01,6.093750000000000000e-01,1.000000000000000048e-04,3.674999999999999881e-03
5.546875000000000000e-01,6.093750000000000000e-01,0.000000000000000000e+00,4.224999999999999589e-03
3.828125000000000000e-01,6.718750000000000000e-01,5.000000000000000240e-05,1.949999999999999910e-03
2.890625000000000000e-01,6.640625000000000000e-01,1.250000000000000026e-04,2.024999999999999890e-03
3.828125000000000000e-01,5.468750000000000000e-01,4.575000000000000074e-03,5.249999999999999676e-04
2.890625000000000000e-01,6.562500000000000000e-01,5.000000000000000240e-05,7.500000000000000156e-04
5.312500000000000000e-01,7.031250000000000000e-01,3.249999999999999851e-04,2.850000000000000103e-03
6.015625000000000000e-01,6.953125000000000000e-01,0.000000000000000000e+00,3.374999999999999962e-03
5.546875000000000000e-01,5.703125000000000000e-01,1.000000000000000048e-04,2.150000000000000001e-03
5.703125000000000000e-01,5.234375000000000000e-01,2.500000000000000120e-05,3.749999999999999861e-03
2.343750000000000000e-01,5.781250000000000000e-01,4.525000000000000376e-03,7.500000000000000156e-04
3.281250000000000000e-01,4.921875000000000000e-01,2.999999999999999737e-04,6.499999999999999702e-04
5.703125000000000000e-01,5.078125000000000000e-01,0.000000000000000000e+00,1.250000000000000026e-03
5.156250000000000000e-01,6.640625000000000000e-01,5.000000000000000240e-05,8.750000000000000182e-04
5.468750000000000000e-01,6.562500000000000000e-01,2.500000000000000120e-05,1.075000000000000001e-03
6.093750000000000000e-01,6.328125000000000000e-01,5.000000000000000240e-05,6.250000000000000130e-04
3.828125000000000000e-01,6.250000000000000000e-01,1.975000000000000193e-03,1.175000000000000046e-03
6.093750000000000000e-01,7.890625000000000000e-01,1.250000000000000026e-04,6.975000000000000297e-03
2.890625000000000000e-01,5.390625000000000000e-01,2.500000000000000120e-05,7.249999999999999500e-04
5.468750000000000000e-01,6.328125000000000000e-01,0.000000000000000000e+00,3.975000000000000235e-03
5.703125000000000000e-01,5.468750000000000000e-01,5.000000000000000240e-05,4.700000000000000185e-03
5.156250000000000000e-01,6.640625000000000000e-01,2.500000000000000120e-05,4.624999999999999771e-03
3.281250000000000000e-01,3.437500000000000000e-01,1.749999999999999982e-04,1.600000000000000077e-03
3.046875000000000000e-01,2.500000000000000000e-01,4.499999999999999877e-04,2.500000000000000120e-05
2.734375000000000000e-01,7.187500000000000000e-01,1.949999999999999910e-03,7.500000000000000156e-04
4.921875000000000000e-01,6.718750000000000000e-01,6.174999999999999933e-03,1.624999999999999925e-03
3.984375000000000000e-01,6.171875000000000000e-01,1.499999999999999869e-04,1.775000000000000102e-03
4.218750000000000000e-01,5.468750000000000000e-01,0.000000000000000000e+00,1.724999999999999971e-03
5.156250000000000000e-01,7.890625000000000000e-01,5.000000000000000240e-05,9.074999999999999734e-03
6.093750000000000000e-01,7.968750000000000000e-01,0.000000000000000000e+00,9.849999999999999381e-03
4.609375000000000000e-01,5.546875000000000000e-01,2.500000000000000120e-05,1.224999999999999960e-03
5.546875000000000000e-01,6.796875000000000000e-01,7.499999999999999343e-05,7.774999999999999793e-03
4.843750000000000000e-01,6.015625000000000000e-01,4.799999999999999580e-03,5.749999999999999903e-04
3.906250000000000000e-01,5.156250000000000000e-01,2.249999999999999938e-04,5.500000000000000331e-04
4.765625000000000000e-01,6.328125000000000000e-01,2.050000000000000173e-03,6.250000000000000130e-04
3.828125000000000000e-01,6.875000000000000000e-01,2.500000000000000120e-05,8.000000000000000383e-04
2.890625000000000000e-01,7.031250000000000000e-01,3.625000000000000184e-03,7.749999999999999728e-04
3.671875000000000000e-01,5.546875000000000000e-01,4.074999999999999629e-03,2.299999999999999961e-03
6.015625000000000000e-01,7.109375000000000000e-01,2.500000000000000120e-05,3.324999999999999831e-03
5.703125000000000000e-01,6.640625000000000000e-01,2.500000000000000120e-05,3.725000000000000012e-03
3.828125000000000000e-01,5.312500000000000000e-01,2.500000000000000120e-05,2.899999999999999800e-03
4.609375000000000000e-01,5.859375000000000000e-01,0.000000000000000000e+00,1.850000000000000082e-03
5.078125000000000000e-01,6.953125000000000000e-01,0.000000000000000000e+00,3.575000000000000053e-03
5.312500000000000000e-01,6.796875000000000000e-01,5.000000000000000240e-05,2.500000000000000052e-03
5.937500000000000000e-01,7.031250000000000000e-02,1.299999999999999940e-03,1.299999999999999940e-03
3.593750000000000000e-01,6.171875000000000000e-01,3.850000000000000124e-03,6.499999999999999702e-04
4.531250000000000000e-01,5.859375000000000000e-01,0.000000000000000000e+00,5.999999999999999474e-04
5.078125000000000000e-01,6.093750000000000000e-01,2.000000000000000096e-04,6.999999999999999929e-04
5.468750000000000000e-01,3.671875000000000000e-01,3.249999999999999851e-04,2.500000000000000120e-05
6.015625000000000000e-01,5.468750000000000000e-01,2.500000000000000120e-05,5.749999999999999903e-04
5.546875000000000000e-01,1.796875000000000000e-01,8.249999999999999955e-04,7.249999999999999500e-04
6.015625000000000000e-01,6.796875000000000000e-01,6.750000000000000357e-04,1.649999999999999991e-03
5.546875000000000000e-01,2.343750000000000000e-01,5.000000000000000240e-05,1.775000000000000102e-03
3.437500000000000000e-01,7.187500000000000000e-01,2.500000000000000120e-05,1.124999999999999915e-03
5.078125000000000000e-01,6.250000000000000000e-01,7.499999999999999343e-05,1.374999999999999920e-03
4.375000000000000000e-01,6.171875000000000000e-01,2.500000000000000120e-05,7.500000000000000156e-04
5.703125000000000000e-01,2.656250000000000000e-01,5.400000000000000286e-03,2.449999999999999921e-03
6.093750000000000000e-01,6.484375000000000000e-01,7.499999999999999343e-05,2.324999999999999810e-03
5.156250000000000000e-01,6.015625000000000000e-01,1.499999999999999869e-04,2.374999999999999941e-03
3.281250000000000000e-01,5.781250000000000000e-01,2.500000000000000120e-05,8.949999999999999623e-03
4.218750000000000000e-01,5.390625000000000000e-01,2.500000000000000120e-05,8.750000000000000833e-03
5.468750000000000000e-01,5.937500000000000000e-01,2.500000000000000120e-05,2.099999999999999870e-03
5.156250000000000000e-01,5.312500000000000000e-01,5.449999999999999983e-03,6.250000000000000130e-04
5.156250000000000000e-01,5.859375000000000000e-01,2.024999999999999890e-03,2.949999999999999931e-03
5.156250000000000000e-01,5.703125000000000000e-01,5.300000000000000024e-03,2.575000000000000032e-03
5.312500000000000000e-01,4.921875000000000000e-01,4.725000000000000033e-03,6.750000000000000357e-04
5.156250000000000000e-01,4.921875000000000000e-01,2.500000000000000120e-05,6.999999999999999929e-04
3.281250000000000000e-01,3.984375000000000000e-01,5.000000000000000240e-05,5.999999999999999474e-04
4.218750000000000000e-01,2.812500000000000000e-01,2.500000000000000120e-05,8.499999999999999526e-04
5.312500000000000000e-01,5.625000000000000000e-01,1.825000000000000016e-03,1.549999999999999946e-03
5.156250000000000000e-01,5.390625000000000000e-01,1.000000000000000048e-04,1.075000000000000001e-03
3.281250000000000000e-01,5.937500000000000000e-01,5.000000000000000240e-05,7.500000000000000156e-04
5.312500000000000000e-01,4.843750000000000000e-01,5.749999999999999903e-03,2.125000000000000153e-03
2.734375000000000000e-01,3.671875000000000000e-01,2.249999999999999938e-04,1.275000000000000092e-03
3.671875000000000000e-01,3.984375000000000000e-01,5.000000000000000240e-05,1.000000000000000021e-03
5.156250000000000000e-01,4.218750000000000000e-01,7.499999999999999343e-05,1.025000000000000086e-03
5.156250000000000000e-01,5.859375000000000000e-01,5.000000000000000104e-03,6.499999999999999702e-04
5.468750000000000000e-01,5.312500000000000000e-01,0.000000000000000000e+00,6.750000000000000357e-04
3.750000000000000000e-01,4.218750000000000000e-01,7.499999999999999343e-05,5.999999999999999474e-04
2.812500000000000000e-01,3.750000000000000000e-01,1.000000000000000048e-04,8.249999999999999955e-04
2.812500000000000000e-01,5.468750000000000000e-01,1.775000000000000102e-03,6.499999999999999702e-04
5.468750000000000000e-01,6.250000000000000000e-01,5.000000000000000240e-05,1.399999999999999986e-03
5.156250000000000000e-01,5.546875000000000000e-01,1.499999999999999869e-04,6.750000000000000357e-04
3.750000000000000000e-01,4.843750000000000000e-01,1.000000000000000048e-04,5.749999999999999903e-04
4.765625000000000000e-01,5.625000000000000000e-01,5.000000000000000104e-03,6.250000000000000130e-04
2.890625000000000000e-01,5.234375000000000000e-01,7.499999999999999343e-05,6.999999999999999929e-04
3.828125000000000000e-01,5.781250000000000000e-01,0.000000000000000000e+00,7.749999999999999728e-04
5.468750000000000000e-01,6.015625000000000000e-01,2.500000000000000120e-05,1.299999999999999940e-03
5.156250000000000000e-01,5.000000000000000000e-01,1.250000000000000026e-04,6.250000000000000130e-04
5.703125000000000000e-01,5.859375000000000000e-01,5.525000000000000397e-03,6.250000000000000130e-04
3.828125000000000000e-01,4.375000000000000000e-01,1.250000000000000026e-04,6.499999999999999702e-04
5.156250000000000000e-01,5.781250000000000000e-01,1.000000000000000048e-04,7.749999999999999728e-04
5.468750000000000000e-01,4.609375000000000000e-01,5.000000000000000240e-05,6.250000000000000130e-04
4.765625000000000000e-01,4.531250000000000000e-01,2.500000000000000120e-05,5.500000000000000331e-04
5.703125000000000000e-01,6.640625000000000000e-01,1.624999999999999925e-03,3.950000000000000386e-03
3.828125000000000000e-01,5.781250000000000000e-01,5.000000000000000240e-05,1.325000000000000006e-03
5.468750000000000000e-01,6.093750000000000000e-01,0.000000000000000000e+00,1.374999999999999920e-03
5.156250000000000000e-01,5.000000000000000000e-01,7.499999999999999343e-05,3.674999999999999881e-03
4.765625000000000000e-01,6.015625000000000000e-01,1.749999999999999982e-04,8.750000000000000182e-04
5.156250000000000000e-01,6.250000000000000000e-01,4.874999999999999993e-03,1.649999999999999991e-03
5.703125000000000000e-01,5.781250000000000000e-01,5.000000000000000240e-05,1.449999999999999900e-03
5.468750000000000000e-01,6.171875000000000000e-01,1.000000000000000048e-04,7.249999999999999500e-04
4.765625000000000000e-01,6.640625000000000000e-01,1.250000000000000026e-04,6.749999999999999924e-03
3.828125000000000000e-01,6.171875000000000000e-01,7.499999999999999343e-05,8.274999999999999370e-03
5.156250000000000000e-01,6.406250000000000000e-01,5.125000000000000215e-03,1.000000000000000021e-03
5.859375000000000000e-01,6.484375000000000000e-01,5.000000000000000240e-05,8.750000000000000182e-04
5.703125000000000000e-01,5.859375000000000000e-01,5.000000000000000240e-05,6.750000000000000357e-04
5.859375000000000000e-01,6.640625000000000000e-01,1.925000000000000062e-03,3.599999999999999901e-03
5.156250000000000000e-01,6.093750000000000000e-01,5.000000000000000240e-05,3.550000000000000204e-03
5.703125000000000000e-01,6.093750000000000000e-01,2.500000000000000052e-04,3.249999999999999851e-03
5.156250000000000000e-01,6.328125000000000000e-01,4.700000000000000185e-03,2.749999999999999840e-03
5.859375000000000000e-01,6.718750000000000000e-01,0.000000000000000000e+00,3.725000000000000012e-03
5.703125000000000000e-01,6.250000000000000000e-01,1.250000000000000026e-04,3.350000000000000113e-03
3.828125000000000000e-01,6.406250000000000000e-01,4.799999999999999580e-03,8.999999999999999754e-04
6.015625000000000000e-01,6.640625000000000000e-01,1.250000000000000026e-04,1.549999999999999946e-03
2.890625000000000000e-01,5.546875000000000000e-01,2.750000000000000166e-04,8.499999999999999526e-04
5.312500000000000000e-01,6.796875000000000000e-01,5.000000000000000240e-05,1.250000000000000026e-03
5.703125000000000000e-01,6.015625000000000000e-01,1.749999999999999982e-04,1.275000000000000092e-03
3.828125000000000000e-01,6.406250000000000000e-01,1.799999999999999951e-03,8.499999999999999526e-04
2.890625000000000000e-01,6.406250000000000000e-01,1.250000000000000026e-04,1.199999999999999895e-03
5.312500000000000000e-01,6.484375000000000000e-01,1.499999999999999869e-04,4.825000000000000296e-03
6.015625000000000000e-01,6.640625000000000000e-01,0.000000000000000000e+00,4.300000000000000003e-03
5.703125000000000000e-01,5.937500000000000000e-01,1.000000000000000048e-04,4.725000000000000033e-03
2.343750000000000000e-01,5.781250000000000000e-01,5.975000000000000276e-03,9.250000000000000409e-04
3.281250000000000000e-01,6.796875000000000000e-01,1.250000000000000026e-04,1.025000000000000086e-03
6.015625000000000000e-01,7.578125000000000000e-01,0.000000000000000000e+00,3.749999999999999861e-03
5.312500000000000000e-01,6.640625000000000000e-01,7.499999999999999343e-05,3.824999999999999841e-03
5.703125000000000000e-01,6.484375000000000000e-01,5.000000000000000240e-05,2.799999999999999972e-03
5.781250000000000000e-01,6.250000000000000000e-01,7.049999999999999843e-03,1.175000000000000046e-03
6.093750000000000000e-01,6.562500000000000000e-01,2.500000000000000120e-05,1.250000000000000026e-03
5.390625000000000000e-01,5.937500000000000000e-01,2.500000000000000120e-05,9.749999999999999552e-04
4.218750000000000000e-01,5.312500000000000000e-01,7.499999999999999343e-05,7.249999999999999500e-04
5.156250000000000000e-01,5.625000000000000000e-01,7.499999999999999343e-05,6.250000000000000130e-04
5.156250000000000000e-01,6.796875000000000000e-01,1.825000000000000016e-03,1.600000000000000077e-03
5.390625000000000000e-01,6.093750000000000000e-01,0.000000000000000000e+00,4.850000000000000144e-03
6.093750000000000000e-01,6.718750000000000000e-01,0.000000000000000000e+00,4.825000000000000296e-03
5.781250000000000000e-01,6.250000000000000000e-01,1.000000000000000048e-04,5.799999999999999600e-03
4.218750000000000000e-01,6.093750000000000000e-01,7.499999999999999343e-05,2.224999999999999981e-03
6.093750000000000000e-01,6.484375000000000000e-01,6.000000000000000125e-03,1.374999999999999920e-03
5.390625000000000000e-01,5.859375000000000000e-01,5.000000000000000240e-05,1.449999999999999900e-03
5.781250000000000000e-01,4.609375000000000000e-01,0.000000000000000000e+00,9.749999999999999552e-04
5.156250000000000000e-01,6.875000000000000000e-01,5.000000000000000240e-05,6.999999999999999929e-04
4.218750000000000000e-01,6.093750000000000000e-01,2.500000000000000120e-05,7.249999999999999500e-04
5.390625000000000000e-01,3.593750000000000000e-01,8.949999999999999623e-03,8.499999999999999526e-04
4.609375000000000000e-01,4.296875000000000000e-01,1.000000000000000048e-04,8.499999999999999526e-04
5.312500000000000000e-01,3.359375000000000000e-01,7.499999999999999343e-05,1.025000000000000086e-03
3.437500000000000000e-01,3.515625000000000000e-01,2.249999999999999938e-04,8.499999999999999526e-04
2.500000000000000000e-01,3.671875000000000000e-01,2.500000000000000120e-05,8.249999999999999955e-04
5.312500000000000000e-01,4.765625000000000000e-01,2.075000000000000022e-03,2.874999999999999951e-03
4.609375000000000000e-01,4.375000000000000000e-01,1.000000000000000048e-04,1.975000000000000193e-03
3.437500000000000000e-01,4.218750000000000000e-01,4.499999999999999877e-04,1.199999999999999895e-03
2.500000000000000000e-01,4.140625000000000000e-01,1.000000000000000048e-04,1.224999999999999960e-03
5.312500000000000000e-01,3.906250000000000000e-01,5.349999999999999721e-03,1.000000000000000021e-03
4.609375000000000000e-01,3.437500000000000000e-01,2.500000000000000120e-05,4.649999999999999620e-03
2.500000000000000000e-01,3.750000000000000000e-01,5.000000000000000240e-05,2.050000000000000173e-03
3.437500000000000000e-01,3.828125000000000000e-01,1.749999999999999982e-04,1.399999999999999986e-03
5.390625000000000000e-01,3.671875000000000000e-01,5.000000000000000240e-05,3.200000000000000153e-03
5.390625000000000000e-01,4.453125000000000000e-01,5.575000000000000094e-03,7.500000000000000156e-04
2.578125000000000000e-01,3.906250000000000000e-01,7.499999999999999343e-05,1.425000000000000051e-03
4.765625000000000000e-01,4.296875000000000000e-01,1.499999999999999869e-04,1.250000000000000026e-03
3.515625000000000000e-01,2.968750000000000000e-01,1.000000000000000048e-04,8.249999999999999955e-04
5.156250000000000000e-01,3.750000000000000000e-01,0.000000000000000000e+00,6.750000000000000357e-04
2.578125000000000000e-01,4.218750000000000000e-01,1.525000000000000097e-03,3.125000000000000173e-03
3.515625000000000000e-01,4.687500000000000000e-01,1.250000000000000026e-04,1.100000000000000066e-03
5.156250000000000000e-01,4.765625000000000000e-01,2.500000000000000052e-04,3.075000000000000042e-03
5.390625000000000000e-01,5.156250000000000000e-01,2.500000000000000120e-05,2.700000000000000143e-03
2.578125000000000000e-01,4.687500000000000000e-01,4.425000000000000114e-03,9.749999999999999552e-04
3.515625000000000000e-01,5.234375000000000000e-01,1.000000000000000048e-04,8.249999999999999955e-04
5.156250000000000000e-01,4.843750000000000000e-01,2.000000000000000096e-04,8.499999999999999526e-04
5.390625000000000000e-01,5.156250000000000000e-01,0.000000000000000000e+00,8.000000000000000383e-04
5.781250000000000000e-01,6.171875000000000000e-01,5.850000000000000165e-03,9.250000000000000409e-04
3.671875000000000000e-01,4.843750000000000000e-01,1.250000000000000026e-04,8.999999999999999754e-04
5.156250000000000000e-01,4.765625000000000000e-01,0.000000000000000000e+00,8.999999999999999754e-04
4.843750000000000000e-01,5.234375000000000000e-01,1.250000000000000026e-04,7.500000000000000156e-04
2.734375000000000000e-01,4.843750000000000000e-01,7.499999999999999343e-05,8.249999999999999955e-04
5.781250000000000000e-01,6.406250000000000000e-01,1.874999999999999931e-03,3.700000000000000164e-03
5.156250000000000000e-01,5.859375000000000000e-01,1.000000000000000048e-04,3.850000000000000124e-03
3.671875000000000000e-01,5.859375000000000000e-01,2.249999999999999938e-04,2.775000000000000123e-03
4.843750000000000000e-01,6.171875000000000000e-01,0.000000000000000000e+00,2.949999999999999931e-03
2.734375000000000000e-01,5.390625000000000000e-01,2.500000000000000120e-05,2.425000000000000072e-03
5.781250000000000000e-01,6.640625000000000000e-01,4.874999999999999993e-03,3.850000000000000124e-03
3.671875000000000000e-01,5.781250000000000000e-01,1.000000000000000048e-04,1.600000000000000077e-03
4.843750000000000000e-01,6.250000000000000000e-01,7.499999999999999343e-05,3.474999999999999790e-03
5.156250000000000000e-01,5.390625000000000000e-01,5.000000000000000240e-05,3.674999999999999881e-03
2.734375000000000000e-01,5.390625000000000000e-01,1.000000000000000048e-04,1.275000000000000092e-03
5.156250000000000000e-01,5.156250000000000000e-01,5.000000000000000104e-03,8.499999999999999526e-04
5.781250000000000000e-01,5.078125000000000000e-01,0.000000000000000000e+00,6.999999999999999929e-04
2.890625000000000000e-01,5.078125000000000000e-01,1.499999999999999869e-04,9.749999999999999552e-04
4.843750000000000000e-01,5.859375000000000000e-01,0.000000000000000000e+00,7.749999999999999728e-04
5.703125000000000000e-01,5.703125000000000000e-01,2.500000000000000120e-05,5.999999999999999474e-04
3.828125000000000000e-01,4.765625000000000000e-01,1.499999999999999869e-04,1.449999999999999900e-03
5.156250000000000000e-01,4.843750000000000000e-01,1.899999999999999996e-03,3.899999999999999821e-03
5.781250000000000000e-01,5.781250000000000000e-01,0.000000000000000000e+00,3.599999999999999901e-03
5.703125000000000000e-01,5.546875000000000000e-01,7.499999999999999343e-05,3.725000000000000012e-03
4.843750000000000000e-01,5.859375000000000000e-01,1.749999999999999982e-04,3.299999999999999982e-03
2.890625000000000000e-01,5.078125000000000000e-01,1.250000000000000026e-04,1.699999999999999905e-03
5.703125000000000000e-01,4.609375000000000000e-01,4.774999999999999731e-03,2.799999999999999972e-03
5.781250000000000000e-01,5.312500000000000000e-01,0.000000000000000000e+00,3.399999999999999811e-03
2.890625000000000000e-01,4.921875000000000000e-01,5.000000000000000240e-05,3.399999999999999811e-03
3.828125000000000000e-01,5.156250000000000000e-01,2.500000000000000120e-05,3.550000000000000204e-03
5.156250000000000000e-01,4.453125000000000000e-01,2.500000000000000120e-05,3.500000000000000073e-03
4.843750000000000000e-01,5.468750000000000000e-01,2.500000000000000120e-05,3.225000000000000002e-03
5.781250000000000000e-01,5.468750000000000000e-01,5.150000000000000064e-03,1.100000000000000066e-03
4.843750000000000000e-01,6.093750000000000000e-01,7.499999999999999343e-05,8.499999999999999526e-04
5.156250000000000000e-01,4.921875000000000000e-01,0.000000000000000000e+00,9.499999999999999981e-04
5.546875000000000000e-01,4.609375000000000000e-01,2.500000000000000120e-05,1.075000000000000001e-03
3.906250000000000000e-01,5.156250000000000000e-01,7.499999999999999343e-05,1.025000000000000086e-03
2.968750000000000000e-01,5.234375000000000000e-01,5.000000000000000240e-05,1.000000000000000021e-03
5.781250000000000000e-01,4.843750000000000000e-01,1.925000000000000062e-03,3.350000000000000113e-03
5.546875000000000000e-01,4.687500000000000000e-01,2.500000000000000120e-05,3.425000000000000093e-03
3.906250000000000000e-01,4.687500000000000000e-01,1.749999999999999982e-04,2.075000000000000022e-03
4.843750000000000000e-01,5.078125000000000000e-01,1.250000000000000026e-04,2.824999999999999820e-03
5.156250000000000000e-01,5.703125000000000000e-01,2.500000000000000120e-05,2.799999999999999972e-03
2.968750000000000000e-01,5.234375000000000000e-01,1.499999999999999869e-04,1.925000000000000062e-03
2.968750000000000000e-01,5.312500000000000000e-01,4.199999999999999740e-03,2.824999999999999820e-03
3.906250000000000000e-01,5.781250000000000000e-01,0.000000000000000000e+00,2.075000000000000022e-03
4.843750000000000000e-01,5.625000000000000000e-01,7.499999999999999343e-05,3.449999999999999942e-03
5.156250000000000000e-01,5.468750000000000000e-01,0.000000000000000000e+00,2.824999999999999820e-03
5.546875000000000000e-01,5.078125000000000000e-01,7.499999999999999343e-05,3.850000000000000124e-03
5.781250000000000000e-01,5.546875000000000000e-01,0.000000000000000000e+00,3.749999999999999861e-03
4.843750000000000000e-01,6.406250000000000000e-01,5.700000000000000205e-03,8.750000000000000182e-04
3.125000000000000000e-01,5.390625000000000000e-01,2.500000000000000120e-05,6.999999999999999929e-04
4.062500000000000000e-01,5.625000000000000000e-01,2.500000000000000120e-05,7.500000000000000156e-04
5.781250000000000000e-01,5.468750000000000000e-01,0.000000000000000000e+00,6.750000000000000357e-04
5.546875000000000000e-01,5.468750000000000000e-01,5.000000000000000240e-05,6.750000000000000357e-04
5.000000000000000000e-01,6.171875000000000000e-01,2.500000000000000120e-05,5.500000000000000331e-04
5.000000000000000000e-01,6.484375000000000000e-01,1.874999999999999931e-03,3.399999999999999811e-03
5.546875000000000000e-01,6.328125000000000000e-01,5.000000000000000240e-05,3.700000000000000164e-03
5.781250000000000000e-01,6.953125000000000000e-01,2.500000000000000120e-05,3.374999999999999962e-03
4.843750000000000000e-01,6.875000000000000000e-01,7.499999999999999343e-05,3.225000000000000002e-03
3.125000000000000000e-01,5.937500000000000000e-01,1.000000000000000048e-04,2.425000000000000072e-03
4.062500000000000000e-01,5.937500000000000000e-01,1.499999999999999869e-04,2.174999999999999850e-03
3.125000000000000000e-01,5.468750000000000000e-01,4.324999999999999852e-03,9.250000000000000409e-04
4.062500000000000000e-01,6.328125000000000000e-01,5.000000000000000240e-05,8.249999999999999955e-04
5.546875000000000000e-01,5.390625000000000000e-01,1.000000000000000048e-04,3.474999999999999790e-03
5.781250000000000000e-01,6.484375000000000000e-01,0.000000000000000000e+00,3.924999999999999670e-03
5.000000000000000000e-01,6.015625000000000000e-01,5.000000000000000240e-05,3.625000000000000184e-03
4.843750000000000000e-01,6.406250000000000000e-01,5.000000000000000240e-05,3.524999999999999922e-03
5.781250000000000000e-01,5.703125000000000000e-01,5.074999999999999650e-03,6.999999999999999929e-04
5.390625000000000000e-01,5.937500000000000000e-01,1.250000000000000026e-04,1.100000000000000066e-03
5.000000000000000000e-01,5.546875000000000000e-01,5.000000000000000240e-05,8.999999999999999754e-04
4.218750000000000000e-01,6.171875000000000000e-01,5.000000000000000240e-05,6.750000000000000357e-04
4.843750000000000000e-01,6.015625000000000000e-01,0.000000000000000000e+00,6.750000000000000357e-04
3.281250000000000000e-01,5.390625000000000000e-01,1.250000000000000026e-04,9.250000000000000409e-04
5.390625000000000000e-01,5.703125000000000000e-01,1.724999999999999971e-03,4.725000000000000033e-03
5.781250000000000000e-01,7.109375000000000000e-01,0.000000000000000000e+00,4.499999999999999660e-03
4.843750000000000000e-01,6.640625000000000000e-01,1.499999999999999869e-04,3.700000000000000164e-03
5.000000000000000000e-01,6.093750000000000000e-01,0.000000000000000000e+00,3.899999999999999821e-03
3.281250000000000000e-01,6.718750000000000000e-01,2.750000000000000166e-04,1.825000000000000016e-03
4.218750000000000000e-01,6.406250000000000000e-01,7.499999999999999343e-05,1.799999999999999951e-03
4.218750000000000000e-01,6.406250000000000000e-01,5.499999999999999681e-03,1.425000000000000051e-03
5.781250000000000000e-01,6.953125000000000000e-01,0.000000000000000000e+00,4.825000000000000296e-03
3.281250000000000000e-01,6.328125000000000000e-01,2.500000000000000120e-05,1.549999999999999946e-03
5.390625000000000000e-01,5.781250000000000000e-01,0.000000000000000000e+00,5.250000000000000326e-03
4.843750000000000000e-01,6.171875000000000000e-01,1.499999999999999869e-04,4.324999999999999852e-03
5.000000000000000000e-01,6.640625000000000000e-01,5.000000000000000240e-05,4.725000000000000033e-03
4.375000000000000000e-01,6.171875000000000000e-01,6.624999999999999813e-03,5.749999999999999903e-04
3.437500000000000000e-01,5.703125000000000000e-01,2.500000000000000120e-05,6.499999999999999702e-04
5.546875000000000000e-01,5.781250000000000000e-01,1.000000000000000048e-04,8.249999999999999955e-04
5.000000000000000000e-01,5.546875000000000000e-01,7.499999999999999343e-05,5.999999999999999474e-04
4.843750000000000000e-01,5.703125000000000000e-01,7.499999999999999343e-05,5.249999999999999676e-04
5.781250000000000000e-01,5.078125000000000000e-01,1.250000000000000026e-04,4.749999999999999990e-04
5.546875000000000000e-01,5.234375000000000000e-01,1.474999999999999966e-03,4.275000000000000154e-03
5.781250000000000000e-01,7.812500000000000000e-01,5.000000000000000240e-05,3.924999999999999670e-03
5.000000000000000000e-01,6.406250000000000000e-01,7.499999999999999343e-05,3.850000000000000124e-03
4.843750000000000000e-01,6.640625000000000000e-01,1.000000000000000048e-04,3.075000000000000042e-03
3.437500000000000000e-01,6.171875000000000000e-01,2.500000000000000120e-05,2.224999999999999981e-03
4.375000000000000000e-01,6.093750000000000000e-01,2.500000000000000120e-05,2.550000000000000183e-03
4.375000000000000000e-01,6.015625000000000000e-01,5.425000000000000135e-03,1.750000000000000036e-03
5.781250000000000000e-01,7.109375000000000000e-01,0.000000000000000000e+00,5.799999999999999600e-03
5.546875000000000000e-01,5.781250000000000000e-01,2.500000000000000120e-05,6.450000000000000004e-03
3.437500000000000000e-01,5.234375000000000000e-01,7.499999999999999343e-05,1.649999999999999991e-03
5.000000000000000000e-01,6.562500000000000000e-01,2.500000000000000120e-05,5.400000000000000286e-03
4.843750000000000000e-01,6.562500000000000000e-01,2.500000000000000120e-05,5.324999999999999872e-03
4.453125000000000000e-01,5.234375000000000000e-01,2.150000000000000001e-03,3.125000000000000173e-03
3.515625000000000000e-01,4.218750000000000000e-01,4.499999999999999877e-04,2.475000000000000203e-03
5.390625000000000000e-01,5.781250000000000000e-01,5.275000000000000175e-03,2.174999999999999850e-03
5.000000000000000000e-01,5.546875000000000000e-01,2.500000000000000120e-05,1.750000000000000036e-03
5.781250000000000000e-01,6.718750000000000000e-01,2.500000000000000120e-05,2.024999999999999890e-03
4.843750000000000000e-01,6.484375000000000000e-01,1.000000000000000048e-04,1.425000000000000051e-03
2.578125000000000000e-01,7.109375000000000000e-01,1.425000000000000051e-03,8.499999999999999526e-04
3.515625000000000000e-01,5.781250000000000000e-01,2.000000000000000096e-04,2.625000000000000163e-03
3.046875000000000000e-01,3.671875000000000000e-01,4.249999999999999763e-04,8.000000000000000383e-04
5.781250000000000000e-01,5.312500000000000000e-01,5.000000000000000104e-04,4.349999999999999700e-03
5.000000000000000000e-01,5.156250000000000000e-01,1.250000000000000026e-04,4.250000000000000305e-03
5.390625000000000000e-01,4.921875000000000000e-01,0.000000000000000000e+00,4.525000000000000376e-03
4.843750000000000000e-01,6.015625000000000000e-01,1.499999999999999869e-04,4.000000000000000083e-03
3.515625000000000000e-01,7.031250000000000000e-01,5.125000000000000215e-03,1.799999999999999951e-03
5.781250000000000000e-01,6.250000000000000000e-01,2.000000000000000096e-04,3.374999999999999962e-03
5.390625000000000000e-01,5.703125000000000000e-01,7.499999999999999343e-05,3.225000000000000002e-03
2.578125000000000000e-01,6.250000000000000000e-01,2.500000000000000120e-05,1.525000000000000097e-03
5.000000000000000000e-01,5.625000000000000000e-01,1.000000000000000048e-04,2.899999999999999800e-03
4.843750000000000000e-01,6.406250000000000000e-01,5.000000000000000240e-05,2.674999999999999861e-03
2.656250000000000000e-01,2.500000000000000000e-01,7.249999999999999500e-04,1.124999999999999915e-03
3.671875000000000000e-01,6.328125000000000000e-01,4.400000000000000265e-03,7.749999999999999728e-04
5.000000000000000000e-01,5.781250000000000000e-01,3.249999999999999851e-04,6.750000000000000357e-04
5.312500000000000000e-01,6.406250000000000000e-01,0.000000000000000000e+00,7.749999999999999728e-04
2.734375000000000000e-01,4.609375000000000000e-01,5.000000000000000240e-05,7.500000000000000156e-04
4.843750000000000000e-01,6.562500000000000000e-01,0.000000000000000000e+00,5.749999999999999903e-04
5.781250000000000000e-01,5.546875000000000000e-01,5.000000000000000240e-05,6.250000000000000130e-04
5.781250000000000000e-01,6.953125000000000000e-01,1.624999999999999925e-03,1.325000000000000006e-03
2.734375000000000000e-01,5.859375000000000000e-01,2.500000000000000120e-05,8.999999999999999754e-04
3.671875000000000000e-01,6.718750000000000000e-01,0.000000000000000000e+00,9.749999999999999552e-04
5.312500000000000000e-01,6.093750000000000000e-01,7.499999999999999343e-05,1.549999999999999946e-03
5.000000000000000000e-01,5.625000000000000000e-01,1.749999999999999982e-04,1.675000000000000057e-03
4.843750000000000000e-01,6.484375000000000000e-01,7.499999999999999343e-05,1.649999999999999991e-03
3.828125000000000000e-01,6.953125000000000000e-01,5.250000000000000326e-03,1.275000000000000092e-03
2.890625000000000000e-01,6.796875000000000000e-01,5.000000000000000240e-05,1.399999999999999986e-03
5.390625000000000000e-01,6.171875000000000000e-01,0.000000000000000000e+00,3.449999999999999942e-03
5.703125000000000000e-01,6.640625000000000000e-01,0.000000000000000000e+00,3.249999999999999851e-03
5.000000000000000000e-01,5.625000000000000000e-01,2.750000000000000166e-04,3.474999999999999790e-03
4.765625000000000000e-01,6.250000000000000000e-01,5.000000000000000240e-05,2.625000000000000163e-03
4.765625000000000000e-01,6.015625000000000000e-01,5.150000000000000064e-03,6.750000000000000357e-04
3.828125000000000000e-01,5.468750000000000000e-01,1.499999999999999869e-04,5.500000000000000331e-04
5.390625000000000000e-01,5.546875000000000000e-01,2.500000000000000120e-05,8.999999999999999754e-04
5.000000000000000000e-01,5.390625000000000000e-01,1.000000000000000048e-04,6.999999999999999929e-04
2.890625000000000000e-01,4.375000000000000000e-01,5.000000000000000240e-05,7.500000000000000156e-04
5.703125000000000000e-01,6.875000000000000000e-01,1.350000000000000071e-03,1.775000000000000102e-03
3.828125000000000000e-01,7.109375000000000000e-01,2.000000000000000096e-04,9.499999999999999981e-04
2.890625000000000000e-01,6.718750000000000000e-01,1.499999999999999869e-04,7.749999999999999728e-04
5.000000000000000000e-01,5.312500000000000000e-01,2.500000000000000120e-05,7.249999999999999500e-04
4.765625000000000000e-01,3.203125000000000000e-01,1.749999999999999982e-04,6.499999999999999702e-04
5.000000000000000000e-01,6.796875000000000000e-01,6.074999999999999671e-03,2.172500000000000125e-02
5.937500000000000000e-01,7.031250000000000000e-01,0.000000000000000000e+00,2.044999999999999943e-02
3.828125000000000000e-01,6.093750000000000000e-01,2.500000000000000120e-05,2.050000000000000173e-03
5.703125000000000000e-01,6.875000000000000000e-01,0.000000000000000000e+00,2.087500000000000119e-02
2.890625000000000000e-01,6.875000000000000000e-01,1.499999999999999869e-04,1.949999999999999910e-03
3.515625000000000000e-01,6.796875000000000000e-01,1.149999999999999981e-02,6.499999999999999702e-04
2.578125000000000000e-01,6.718750000000000000e-01,2.500000000000000120e-05,1.025000000000000086e-03
2.187500000000000000e-01,5.468750000000000000e-01,5.899999999999999863e-03,7.249999999999999500e-04
3.125000000000000000e-01,6.093750000000000000e-01,0.000000000000000000e+00,7.249999999999999500e-04
3.515625000000000000e-01,6.953125000000000000e-01,2.299999999999999961e-03,7.500000000000000156e-04
2.578125000000000000e-01,6.562500000000000000e-01,1.000000000000000048e-04,7.249999999999999500e-04
5.703125000000000000e-01,6.484375000000000000e-01,5.199999999999999761e-03,3.674999999999999881e-03
5.390625000000000000e-01,5.937500000000000000e-01,1.000000000000000048e-04,3.824999999999999841e-03
2.890625000000000000e-01,6.875000000000000000e-01,1.000000000000000048e-04,1.474999999999999966e-03
3.828125000000000000e-01,7.265625000000000000e-01,0.000000000000000000e+00,1.449999999999999900e-03
5.000000000000000000e-01,6.406250000000000000e-01,2.500000000000000120e-05,4.024999999999999932e-03
2.890625000000000000e-01,6.250000000000000000e-01,5.400000000000000286e-03,5.749999999999999903e-04
3.828125000000000000e-01,6.171875000000000000e-01,1.000000000000000048e-04,6.499999999999999702e-04
4.765625000000000000e-01,6.171875000000000000e-01,5.000000000000000240e-05,6.750000000000000357e-04
5.000000000000000000e-01,5.312500000000000000e-01,2.500000000000000120e-05,7.500000000000000156e-04
5.390625000000000000e-01,5.781250000000000000e-01,5.000000000000000240e-05,8.499999999999999526e-04
5.390625000000000000e-01,5.703125000000000000e-01,1.474999999999999966e-03,1.399999999999999986e-03
5.703125000000000000e-01,5.937500000000000000e-01,1.749999999999999982e-04,1.675000000000000057e-03
2.890625000000000000e-01,7.656250000000000000e-01,2.750000000000000166e-04,1.250000000000000026e-03
3.828125000000000000e-01,7.031250000000000000e-01,0.000000000000000000e+00,1.000000000000000021e-03
5.000000000000000000e-01,6.406250000000000000e-01,0.000000000000000000e+00,5.249999999999999676e-04
6.093750000000000000e-01,7.500000000000000000e-01,5.649999999999999641e-03,2.262499999999999928e-02
5.390625000000000000e-01,6.718750000000000000e-01,2.000000000000000096e-04,2.312499999999999972e-02
5.703125000000000000e-01,6.875000000000000000e-01,0.000000000000000000e+00,2.287499999999999950e-02
3.828125000000000000e-01,6.640625000000000000e-01,2.500000000000000120e-05,1.425000000000000051e-03
5.156250000000000000e-01,6.875000000000000000e-01,0.000000000000000000e+00,2.224999999999999895e-02
2.890625000000000000e-01,7.265625000000000000e-01,1.499999999999999869e-04,1.374999999999999920e-03
3.515625000000000000e-01,6.875000000000000000e-01,1.137499999999999969e-02,7.749999999999999728e-04
2.578125000000000000e-01,6.796875000000000000e-01,5.000000000000000240e-05,7.249999999999999500e-04
2.656250000000000000e-01,2.578125000000000000e-01,8.750000000000000182e-04,1.124999999999999915e-03
3.281250000000000000e-01,6.406250000000000000e-01,4.375000000000000416e-03,6.750000000000000357e-04
2.343750000000000000e-01,5.312500000000000000e-01,2.500000000000000052e-04,8.249999999999999955e-04
2.578125000000000000e-01,6.250000000000000000e-01,1.899999999999999996e-03,6.750000000000000357e-04
3.515625000000000000e-01,6.875000000000000000e-01,7.499999999999999343e-05,6.750000000000000357e-04
3.828125000000000000e-01,6.796875000000000000e-01,5.324999999999999872e-03,1.525000000000000097e-03
5.390625000000000000e-01,5.625000000000000000e-01,0.000000000000000000e+00,3.350000000000000113e-03
6.093750000000000000e-01,7.343750000000000000e-01,0.000000000000000000e+00,3.024999999999999911e-03
2.890625000000000000e-01,6.875000000000000000e-01,2.500000000000000120e-05,1.525000000000000097e-03
5.703125000000000000e-01,6.171875000000000000e-01,5.000000000000000240e-05,3.249999999999999851e-03
5.156250000000000000e-01,6.875000000000000000e-01,5.000000000000000240e-05,2.500000000000000052e-03
3.828125000000000000e-01,6.562500000000000000e-01,4.624999999999999771e-03,7.500000000000000156e-04
2.890625000000000000e-01,6.171875000000000000e-01,7.499999999999999343e-05,8.499999999999999526e-04
5.156250000000000000e-01,6.171875000000000000e-01,3.499999999999999964e-04,2.174999999999999850e-03
5.390625000000000000e-01,5.625000000000000000e-01,2.000000000000000096e-04,5.749999999999999903e-04
5.703125000000000000e-01,4.843750000000000000e-01,2.249999999999999938e-04,9.499999999999999981e-04
5.390625000000000000e-01,5.234375000000000000e-01,1.149999999999999981e-03,5.749999999999999903e-04
5.703125000000000000e-01,6.015625000000000000e-01,5.000000000000000240e-05,1.049999999999999935e-03
6.093750000000000000e-01,7.187500000000000000e-01,1.000000000000000048e-04,1.149999999999999981e-03
2.890625000000000000e-01,6.875000000000000000e-01,2.249999999999999938e-04,1.575000000000000011e-03
3.828125000000000000e-01,6.953125000000000000e-01,0.000000000000000000e+00,1.425000000000000051e-03
3.671875000000000000e-01,7.109375000000000000e-01,5.799999999999999600e-03,1.175000000000000046e-03
2.734375000000000000e-01,6.250000000000000000e-01,7.499999999999999343e-05,6.750000000000000357e-04
6.796875000000000000e-01,6.250000000000000000e-01,1.000000000000000048e-04,9.499999999999999981e-04
6.328125000000000000e-01,6.953125000000000000e-01,2.500000000000000120e-05,1.250000000000000026e-03
7.031250000000000000e-01,7.187500000000000000e-01,2.500000000000000120e-05,6.499999999999999702e-04
6.484375000000000000e-01,5.859375000000000000e-01,7.499999999999999343e-05,6.250000000000000130e-04
5.468750000000000000e-01,5.937500000000000000e-01,6.049999999999999822e-03,1.325000000000000006e-03
3.671875000000000000e-01,5.781250000000000000e-01,1.250000000000000026e-04,7.749999999999999728e-04
4.609375000000000000e-01,6.171875000000000000e-01,0.000000000000000000e+00,6.250000000000000130e-04
4.921875000000000000e-01,5.781250000000000000e-01,1.250000000000000026e-04,6.750000000000000357e-04
5.156250000000000000e-01,4.453125000000000000e-01,5.000000000000000104e-04,5.749999999999999903e-04
5.390625000000000000e-01,3.593750000000000000e-01,2.500000000000000052e-04,1.234999999999999987e-02
5.546875000000000000e-01,7.343750000000000000e-01,1.049999999999999935e-03,1.154999999999999950e-02
4.921875000000000000e-01,7.109375000000000000e-01,1.250000000000000026e-04,1.102500000000000008e-02
4.609375000000000000e-01,6.640625000000000000e-01,2.000000000000000096e-04,8.999999999999999754e-04
5.156250000000000000e-01,6.406250000000000000e-01,0.000000000000000000e+00,1.089999999999999997e-02
3.671875000000000000e-01,6.328125000000000000e-01,7.499999999999999343e-05,7.749999999999999728e-04
4.609375000000000000e-01,6.406250000000000000e-01,4.150000000000000043e-03,6.750000000000000357e-04
3.671875000000000000e-01,6.484375000000000000e-01,5.000000000000000240e-05,8.999999999999999754e-04
4.218750000000000000e-01,4.921875000000000000e-01,5.499999999999999681e-03,7.500000000000000156e-04
3.281250000000000000e-01,4.609375000000000000e-01,2.999999999999999737e-04,6.499999999999999702e-04
3.671875000000000000e-01,6.640625000000000000e-01,1.874999999999999931e-03,5.749999999999999903e-04
4.609375000000000000e-01,6.328125000000000000e-01,2.000000000000000096e-04,4.499999999999999877e-04
4.218750000000000000e-01,5.859375000000000000e-01,4.474999999999999811e-03,8.499999999999999526e-04
5.156250000000000000e-01,6.015625000000000000e-01,2.750000000000000166e-04,5.999999999999999474e-04
5.390625000000000000e-01,6.171875000000000000e-01,1.499999999999999869e-04,3.050000000000000194e-03
5.859375000000000000e-01,6.796875000000000000e-01,0.000000000000000000e+00,3.225000000000000002e-03
5.546875000000000000e-01,6.015625000000000000e-01,2.500000000000000120e-05,3.524999999999999922e-03
3.671875000000000000e-01,5.937500000000000000e-01,4.525000000000000376e-03,6.499999999999999702e-04
4.609375000000000000e-01,6.328125000000000000e-01,1.499999999999999869e-04,5.500000000000000331e-04
5.937500000000000000e-01,6.328125000000000000e-01,1.250000000000000026e-04,8.000000000000000383e-04
5.546875000000000000e-01,5.156250000000000000e-01,2.249999999999999938e-04,8.499999999999999526e-04
5.390625000000000000e-01,4.531250000000000000e-01,3.249999999999999851e-04,4.000000000000000192e-04
5.859375000000000000e-01,6.718750000000000000e-01,1.399999999999999986e-03,1.624999999999999925e-03
5.390625000000000000e-01,6.640625000000000000e-01,1.250000000000000026e-04,1.799999999999999951e-03
6.093750000000000000e-01,7.421875000000000000e-01,0.000000000000000000e+00,3.125000000000000173e-03
5.546875000000000000e-01,5.312500000000000000e-01,1.000000000000000048e-04,1.325000000000000006e-03
4.218750000000000000e-01,6.250000000000000000e-01,7.499999999999999343e-05,1.675000000000000057e-03
5.156250000000000000e-01,6.640625000000000000e-01,1.250000000000000026e-04,1.799999999999999951e-03
4.062500000000000000e-01,6.250000000000000000e-01,5.275000000000000175e-03,3.075000000000000042e-03
5.937500000000000000e-01,6.171875000000000000e-01,2.500000000000000120e-05,3.125000000000000173e-03
5.000000000000000000e-01,6.250000000000000000e-01,2.500000000000000120e-05,1.899999999999999996e-03
6.171875000000000000e-01,6.953125000000000000e-01,0.000000000000000000e+00,2.799999999999999972e-03
5.234375000000000000e-01,6.250000000000000000e-01,1.250000000000000026e-04,2.625000000000000163e-03
5.546875000000000000e-01,5.781250000000000000e-01,2.500000000000000120e-05,2.975000000000000214e-03
5.234375000000000000e-01,6.250000000000000000e-01,5.324999999999999872e-03,7.749999999999999728e-04
5.546875000000000000e-01,6.015625000000000000e-01,2.500000000000000120e-05,5.249999999999999676e-04
5.937500000000000000e-01,6.093750000000000000e-01,0.000000000000000000e+00,5.000000000000000104e-04
6.171875000000000000e-01,7.187500000000000000e-01,1.799999999999999951e-03,1.250000000000000026e-03
5.546875000000000000e-01,6.093750000000000000e-01,7.499999999999999343e-05,5.249999999999999676e-04
5.937500000000000000e-01,6.718750000000000000e-01,0.000000000000000000e+00,1.000000000000000021e-03
3.125000000000000000e-01,5.703125000000000000e-01,5.275000000000000175e-03,6.999999999999999929e-04
6.484375000000000000e-01,7.734375000000000000e-01,0.000000000000000000e+00,1.750000000000000036e-03
5.937500000000000000e-01,7.421875000000000000e-01,7.499999999999999343e-05,1.049999999999999935e-03
6.171875000000000000e-01,7.578125000000000000e-01,0.000000000000000000e+00,1.350000000000000071e-03
4.062500000000000000e-01,4.687500000000000000e-01,1.499999999999999869e-04,8.000000000000000383e-04
3.671875000000000000e-01,5.468750000000000000e-01,5.649999999999999641e-03,6.999999999999999929e-04
2.734375000000000000e-01,2.734375000000000000e-01,4.499999999999999877e-04,1.100000000000000066e-03
4.062500000000000000e-01,6.718750000000000000e-01,2.075000000000000022e-03,5.250000000000000326e-03
3.125000000000000000e-01,6.093750000000000000e-01,7.499999999999999343e-05,5.700000000000000205e-03
5.000000000000000000e-01,6.015625000000000000e-01,4.649999999999999620e-03,2.975000000000000214e-03
5.234375000000000000e-01,5.859375000000000000e-01,7.499999999999999343e-05,3.075000000000000042e-03
4.687500000000000000e-01,5.781250000000000000e-01,7.499999999999999343e-05,2.650000000000000012e-03
4.296875000000000000e-01,6.328125000000000000e-01,4.749999999999999882e-03,7.249999999999999500e-04
4.687500000000000000e-01,5.078125000000000000e-01,2.750000000000000166e-04,6.250000000000000130e-04
5.000000000000000000e-01,4.375000000000000000e-01,2.500000000000000120e-05,4.749999999999999990e-04
5.234375000000000000e-01,6.406250000000000000e-01,1.325000000000000006e-03,1.374999999999999920e-03
4.687500000000000000e-01,5.625000000000000000e-01,2.500000000000000120e-05,6.499999999999999702e-04
5.000000000000000000e-01,6.484375000000000000e-01,1.749999999999999982e-04,6.999999999999999929e-04
2.812500000000000000e-01,4.453125000000000000e-01,7.499999999999999343e-05,8.000000000000000383e-04
3.750000000000000000e-01,3.984375000000000000e-01,3.249999999999999851e-04,6.999999999999999929e-04
3.671875000000000000e-01,5.000000000000000000e-01,5.525000000000000397e-03,5.999999999999999474e-04
2.734375000000000000e-01,5.546875000000000000e-01,2.500000000000000120e-05,6.750000000000000357e-04
5.937500000000000000e-01,6.796875000000000000e-01,2.500000000000000120e-05,1.002499999999999919e-02
5.234375000000000000e-01,5.390625000000000000e-01,1.250000000000000026e-04,1.047499999999999994e-02
5.546875000000000000e-01,5.859375000000000000e-01,5.000000000000000240e-05,9.599999999999999159e-03
3.125000000000000000e-01,5.546875000000000000e-01,4.749999999999999882e-03,7.500000000000000156e-04
2.187500000000000000e-01,3.671875000000000000e-01,1.749999999999999982e-04,9.499999999999999981e-04
3.671875000000000000e-01,6.250000000000000000e-01,2.324999999999999810e-03,7.374999999999999611e-03
2.734375000000000000e-01,5.156250000000000000e-01,3.750000000000000078e-04,7.400000000000000328e-03
4.609375000000000000e-01,5.468750000000000000e-01,7.799999999999999642e-03,6.499999999999999702e-04
5.000000000000000000e-01,5.390625000000000000e-01,1.000000000000000048e-04,6.250000000000000130e-04
5.234375000000000000e-01,5.078125000000000000e-01,0.000000000000000000e+00,1.124999999999999915e-03
5.625000000000000000e-01,6.484375000000000000e-01,2.200000000000000133e-03,1.299999999999999940e-03
5.000000000000000000e-01,4.687500000000000000e-01,2.750000000000000166e-04,7.500000000000000156e-04
5.234375000000000000e-01,3.125000000000000000e-01,0.000000000000000000e+00,7.749999999999999728e-04
3.515625000000000000e-01,4.921875000000000000e-01,4.000000000000000192e-04,5.725000000000000054e-03
2.578125000000000000e-01,4.765625000000000000e-01,2.500000000000000120e-05,5.449999999999999983e-03
5.156250000000000000e-01,5.937500000000000000e-01,4.474999999999999811e-03,3.524999999999999922e-03
4.921875000000000000e-01,5.156250000000000000e-01,2.999999999999999737e-04,3.299999999999999982e-03
4.453125000000000000e-01,4.140625000000000000e-01,2.249999999999999938e-04,3.050000000000000194e-03
4.453125000000000000e-01,4.609375000000000000e-01,4.599999999999999922e-03,7.749999999999999728e-04
4.921875000000000000e-01,4.687500000000000000e-01,5.000000000000000240e-05,8.499999999999999526e-04
4.218750000000000000e-01,5.234375000000000000e-01,5.000000000000000240e-05,8.000000000000000383e-04
5.156250000000000000e-01,5.234375000000000000e-01,1.949999999999999910e-03,8.499999999999999526e-04
2.734375000000000000e-01,3.906250000000000000e-01,2.500000000000000120e-05,5.100000000000000366e-03
3.671875000000000000e-01,3.281250000000000000e-01,2.750000000000000166e-04,4.525000000000000376e-03
4.453125000000000000e-01,2.812500000000000000e-01,7.499999999999999343e-05,9.499999999999999981e-04
5.546875000000000000e-01,5.859375000000000000e-01,5.349999999999999721e-03,1.447500000000000002e-02
5.312500000000000000e-01,5.546875000000000000e-01,1.250000000000000026e-04,1.432499999999999919e-02
4.843750000000000000e-01,4.843750000000000000e-01,5.000000000000000240e-05,1.382500000000000048e-02
5.000000000000000000e-01,4.140625000000000000e-01,2.000000000000000096e-04,1.365000000000000067e-02
5.078125000000000000e-01,2.109375000000000000e-01,6.250000000000000130e-04,9.250000000000000409e-04
3.671875000000000000e-01,5.859375000000000000e-01,3.474999999999999790e-03,6.750000000000000357e-04
2.734375000000000000e-01,3.750000000000000000e-01,3.249999999999999851e-04,9.499999999999999981e-04
4.062500000000000000e-01,6.171875000000000000e-01,2.099999999999999870e-03,7.150000000000000105e-03
3.125000000000000000e-01,5.078125000000000000e-01,2.999999999999999737e-04,7.024999999999999994e-03
4.062500000000000000e-01,5.546875000000000000e-01,1.209999999999999964e-02,7.774999999999999793e-03
3.125000000000000000e-01,5.078125000000000000e-01,2.500000000000000120e-05,7.675000000000000398e-03
4.843750000000000000e-01,6.484375000000000000e-01,3.850000000000000124e-03,1.175000000000000046e-03
5.546875000000000000e-01,5.859375000000000000e-01,2.500000000000000120e-05,6.750000000000000357e-04
5.312500000000000000e-01,6.250000000000000000e-01,5.000000000000000240e-05,1.000000000000000021e-03
5.000000000000000000e-01,5.625000000000000000e-01,2.500000000000000120e-05,6.499999999999999702e-04
4.765625000000000000e-01,2.031250000000000000e-01,3.799999999999999992e-03,9.749999999999999552e-04
5.312500000000000000e-01,6.406250000000000000e-01,1.275000000000000092e-03,7.249999999999999500e-04
4.609375000000000000e-01,5.000000000000000000e-01,7.499999999999999343e-05,5.249999999999999676e-04
5.000000000000000000e-01,4.609375000000000000e-01,2.500000000000000120e-05,4.749999999999999990e-04
3.125000000000000000e-01,5.546875000000000000e-01,7.749999999999999728e-04,9.499999999999999981e-04
4.062500000000000000e-01,3.906250000000000000e-01,2.750000000000000166e-04,5.749999999999999903e-04
5.000000000000000000e-01,5.937500000000000000e-01,1.075000000000000001e-03,8.000000000000000383e-04
5.546875000000000000e-01,6.406250000000000000e-01,1.250000000000000026e-04,4.249999999999999763e-04
5.312500000000000000e-01,4.453125000000000000e-01,3.499999999999999964e-04,4.000000000000000192e-04
2.578125000000000000e-01,5.703125000000000000e-01,4.100000000000000346e-03,6.750000000000000357e-04
3.515625000000000000e-01,3.906250000000000000e-01,2.000000000000000096e-04,7.500000000000000156e-04
5.937500000000000000e-01,7.187500000000000000e-01,3.249999999999999851e-04,5.774999999999999752e-03
5.000000000000000000e-01,6.562500000000000000e-01,1.000000000000000048e-04,6.525000000000000418e-03
5.390625000000000000e-01,6.015625000000000000e-01,7.499999999999999343e-05,5.899999999999999863e-03
5.703125000000000000e-01,6.328125000000000000e-01,7.499999999999999343e-05,6.125000000000000236e-03
3.125000000000000000e-01,5.390625000000000000e-01,4.774999999999999731e-03,7.500000000000000156e-04
2.187500000000000000e-01,4.140625000000000000e-01,1.499999999999999869e-04,9.749999999999999552e-04
3.515625000000000000e-01,5.781250000000000000e-01,2.524999999999999901e-03,6.400000000000000307e-03
2.578125000000000000e-01,5.156250000000000000e-01,2.999999999999999737e-04,6.425000000000000155e-03
5.000000000000000000e-01,5.312500000000000000e-01,4.599999999999999922e-03,2.249999999999999830e-03
5.390625000000000000e-01,5.390625000000000000e-01,2.500000000000000120e-05,2.275000000000000112e-03
4.765625000000000000e-01,5.546875000000000000e-01,1.000000000000000048e-04,1.675000000000000057e-03
5.312500000000000000e-01,5.781250000000000000e-01,3.975000000000000235e-03,8.499999999999999526e-04
4.609375000000000000e-01,5.625000000000000000e-01,7.499999999999999343e-05,6.999999999999999929e-04
5.000000000000000000e-01,5.312500000000000000e-01,1.749999999999999982e-04,1.025000000000000086e-03
3.281250000000000000e-01,6.328125000000000000e-01,1.474999999999999966e-03,7.249999999999999500e-04
2.343750000000000000e-01,5.546875000000000000e-01,1.000000000000000048e-04,6.999999999999999929e-04
4.765625000000000000e-01,5.781250000000000000e-01,6.250000000000000130e-04,9.250000000000000409e-04
5.390625000000000000e-01,5.312500000000000000e-01,1.000000000000000048e-04,4.499999999999999877e-04
5.000000000000000000e-01,3.906250000000000000e-01,2.500000000000000120e-05,7.249999999999999500e-04
5.156250000000000000e-01,6.171875000000000000e-01,5.624999999999999792e-03,4.449999999999999963e-03
4.453125000000000000e-01,5.625000000000000000e-01,7.499999999999999343e-05,1.750000000000000036e-03
2.734375000000000000e-01,5.859375000000000000e-01,5.000000000000000240e-05,1.149999999999999981e-03
3.671875000000000000e-01,5.859375000000000000e-01,2.500000000000000120e-05,9.499999999999999981e-04
4.921875000000000000e-01,4.921875000000000000e-01,0.000000000000000000e+00,3.950000000000000386e-03
4.609375000000000000e-01,3.750000000000000000e-01,5.249999999999999676e-04,6.675000000000000377e-03
5.000000000000000000e-01,4.765625000000000000e-01,4.649999999999999620e-03,2.650000000000000012e-03
4.375000000000000000e-01,5.156250000000000000e-01,2.500000000000000120e-05,6.999999999999999929e-04
3.671875000000000000e-01,5.781250000000000000e-01,2.500000000000000120e-05,6.499999999999999702e-04
2.734375000000000000e-01,5.156250000000000000e-01,1.250000000000000026e-04,6.999999999999999929e-04
5.156250000000000000e-01,6.328125000000000000e-01,1.899999999999999996e-03,6.374999999999999591e-03
3.671875000000000000e-01,6.875000000000000000e-01,2.500000000000000120e-05,1.100000000000000066e-03
4.921875000000000000e-01,5.703125000000000000e-01,1.000000000000000048e-04,2.799999999999999972e-03
4.453125000000000000e-01,6.171875000000000000e-01,2.500000000000000120e-05,1.399999999999999986e-03
2.734375000000000000e-01,5.937500000000000000e-01,1.250000000000000026e-04,7.749999999999999728e-04
4.609375000000000000e-01,3.281250000000000000e-01,0.000000000000000000e+00,5.774999999999999752e-03
4.375000000000000000e-01,6.640625000000000000e-01,4.874999999999999993e-03,1.374999999999999920e-03
3.125000000000000000e-01,6.093750000000000000e-01,1.250000000000000026e-04,5.500000000000000331e-04
4.062500000000000000e-01,6.328125000000000000e-01,2.500000000000000120e-05,1.000000000000000021e-03
5.000000000000000000e-01,5.468750000000000000e-01,5.000000000000000240e-05,1.025000000000000086e-03
4.062500000000000000e-01,5.234375000000000000e-01,5.174999999999999913e-03,7.249999999999999500e-04
4.375000000000000000e-01,4.765625000000000000e-01,5.000000000000000240e-05,7.500000000000000156e-04
4.609375000000000000e-01,5.781250000000000000e-01,4.000000000000000192e-04,5.999999999999999474e-04
5.312500000000000000e-01,5.468750000000000000e-01,5.000000000000000240e-05,6.250000000000000130e-04
5.000000000000000000e-01,3.906250000000000000e-01,4.000000000000000192e-04,6.750000000000000357e-04
5.078125000000000000e-01,3.671875000000000000e-01,0.000000000000000000e+00,6.499999999999999702e-04
4.062500000000000000e-01,6.171875000000000000e-01,1.224999999999999960e-03,1.299999999999999940e-03
4.375000000000000000e-01,6.406250000000000000e-01,0.000000000000000000e+00,1.474999999999999966e-03
5.312500000000000000e-01,7.187500000000000000e-01,0.000000000000000000e+00,3.324999999999999831e-03
4.609375000000000000e-01,6.093750000000000000e-01,2.249999999999999938e-04,3.299999999999999982e-03
5.000000000000000000e-01,5.781250000000000000e-01,0.000000000000000000e+00,3.550000000000000204e-03
4.062500000000000000e-01,6.250000000000000000e-01,4.874999999999999993e-03,9.250000000000000409e-04
4.375000000000000000e-01,6.015625000000000000e-01,1.000000000000000048e-04,1.350000000000000071e-03
4.609375000000000000e-01,6.328125000000000000e-01,2.500000000000000120e-05,1.025000000000000086e-03
5.000000000000000000e-01,5.625000000000000000e-01,0.000000000000000000e+00,1.299999999999999940e-03
5.312500000000000000e-01,6.953125000000000000e-01,2.500000000000000120e-05,1.825000000000000016e-03
5.156250000000000000e-01,4.765625000000000000e-01,4.000000000000000192e-04,5.999999999999999474e-04
4.375000000000000000e-01,5.234375000000000000e-01,4.250000000000000305e-03,6.250000000000000130e-04
4.609375000000000000e-01,5.390625000000000000e-01,2.500000000000000120e-05,5.500000000000000331e-04
5.546875000000000000e-01,6.562500000000000000e-01,7.499999999999999343e-05,5.749999999999999903e-04
5.000000000000000000e-01,6.406250000000000000e-01,7.499999999999999343e-05,7.749999999999999728e-04
5.312500000000000000e-01,3.203125000000000000e-01,5.749999999999999903e-04,7.749999999999999728e-04
5.546875000000000000e-01,6.640625000000000000e-01,1.100000000000000066e-03,1.775000000000000102e-03
4.375000000000000000e-01,6.796875000000000000e-01,1.000000000000000048e-04,1.149999999999999981e-03
5.000000000000000000e-01,5.546875000000000000e-01,7.499999999999999343e-05,1.500000000000000031e-03
5.312500000000000000e-01,4.843750000000000000e-01,0.000000000000000000e+00,1.874999999999999931e-03
4.609375000000000000e-01,6.250000000000000000e-01,2.750000000000000166e-04,8.249999999999999955e-04
4.765625000000000000e-01,6.484375000000000000e-01,5.300000000000000024e-03,4.349999999999999700e-03
5.000000000000000000e-01,6.328125000000000000e-01,7.499999999999999343e-05,3.249999999999999851e-03
5.703125000000000000e-01,6.875000000000000000e-01,2.500000000000000120e-05,3.374999999999999962e-03
5.937500000000000000e-01,6.875000000000000000e-01,0.000000000000000000e+00,3.075000000000000042e-03
5.390625000000000000e-01,6.953125000000000000e-01,2.500000000000000120e-05,3.075000000000000042e-03
4.453125000000000000e-01,6.015625000000000000e-01,1.000000000000000048e-04,4.049999999999999781e-03
4.062500000000000000e-01,5.546875000000000000e-01,4.150000000000000043e-03,1.899999999999999996e-03
5.703125000000000000e-01,6.015625000000000000e-01,8.000000000000000383e-04,9.250000000000000409e-04
5.390625000000000000e-01,6.875000000000000000e-01,2.500000000000000120e-05,8.999999999999999754e-04
5.937500000000000000e-01,6.093750000000000000e-01,0.000000000000000000e+00,5.500000000000000331e-04
4.765625000000000000e-01,7.031250000000000000e-01,1.350000000000000071e-03,8.999999999999999754e-04
5.000000000000000000e-01,6.796875000000000000e-01,5.000000000000000240e-05,5.749999999999999903e-04
4.453125000000000000e-01,5.546875000000000000e-01,1.250000000000000026e-04,5.500000000000000331e-04
5.703125000000000000e-01,6.796875000000000000e-01,1.749999999999999982e-04,1.699999999999999905e-03
5.390625000000000000e-01,6.015625000000000000e-01,2.500000000000000052e-04,1.000000000000000021e-03
5.937500000000000000e-01,6.562500000000000000e-01,1.499999999999999869e-04,5.000000000000000104e-04
4.765625000000000000e-01,6.484375000000000000e-01,6.550000000000000266e-03,1.487499999999999933e-02
5.703125000000000000e-01,7.734375000000000000e-01,5.000000000000000240e-05,1.217500000000000006e-02
3.515625000000000000e-01,6.484375000000000000e-01,2.500000000000000120e-05,1.449999999999999900e-03
4.062500000000000000e-01,6.015625000000000000e-01,5.000000000000000240e-05,1.600000000000000077e-03
5.000000000000000000e-01,5.703125000000000000e-01,1.000000000000000048e-04,1.412500000000000040e-02
5.234375000000000000e-01,6.250000000000000000e-01,0.000000000000000000e+00,1.262500000000000080e-02
3.125000000000000000e-01,7.500000000000000000e-01,5.825000000000000316e-03,1.199999999999999895e-03
3.515625000000000000e-01,7.968750000000000000e-01,2.075000000000000022e-03,3.524999999999999922e-03
5.937500000000000000e-01,6.718750000000000000e-01,1.657499999999999946e-02,3.324999999999999831e-03
5.000000000000000000e-01,6.484375000000000000e-01,5.000000000000000240e-05,4.024999999999999932e-03
4.765625000000000000e-01,6.484375000000000000e-01,2.500000000000000120e-05,5.174999999999999913e-03
5.390625000000000000e-01,6.640625000000000000e-01,5.000000000000000240e-05,3.449999999999999942e-03
5.703125000000000000e-01,6.250000000000000000e-01,2.500000000000000120e-05,3.474999999999999790e-03
4.296875000000000000e-01,6.093750000000000000e-01,5.000000000000000240e-05,6.875000000000000035e-03
4.062500000000000000e-01,6.796875000000000000e-01,4.774999999999999731e-03,2.275000000000000112e-03
5.390625000000000000e-01,6.562500000000000000e-01,3.750000000000000078e-04,1.075000000000000001e-03
5.703125000000000000e-01,5.625000000000000000e-01,1.000000000000000048e-04,7.249999999999999500e-04
5.937500000000000000e-01,5.625000000000000000e-01,5.000000000000000240e-05,5.500000000000000331e-04
5.000000000000000000e-01,6.718750000000000000e-01,1.525000000000000097e-03,9.250000000000000409e-04
4.296875000000000000e-01,3.125000000000000000e-01,5.000000000000000240e-05,8.000000000000000383e-04
4.765625000000000000e-01,7.109375000000000000e-01,2.500000000000000120e-05,1.075000000000000001e-03
5.390625000000000000e-01,5.859375000000000000e-01,1.499999999999999869e-04,1.199999999999999895e-03
5.703125000000000000e-01,6.406250000000000000e-01,0.000000000000000000e+00,1.500000000000000031e-03
5.937500000000000000e-01,6.875000000000000000e-01,7.499999999999999343e-05,1.124999999999999915e-03
5.703125000000000000e-01,7.890625000000000000e-01,6.774999999999999772e-03,5.199999999999999761e-03
4.765625000000000000e-01,6.562500000000000000e-01,2.500000000000000120e-05,8.574999999999999289e-03
3.515625000000000000e-01,6.328125000000000000e-01,7.499999999999999343e-05,1.350000000000000071e-03
3.906250000000000000e-01,6.250000000000000000e-01,0.000000000000000000e+00,1.925000000000000062e-03
5.000000000000000000e-01,5.625000000000000000e-01,1.000000000000000048e-04,6.949999999999999581e-03
5.234375000000000000e-01,6.250000000000000000e-01,5.000000000000000240e-05,7.374999999999999611e-03
3.437500000000000000e-01,8.593750000000000000e-02,5.150000000000000064e-03,3.500000000000000073e-03
2.968750000000000000e-01,7.109375000000000000e-01,8.750000000000000182e-04,1.250000000000000026e-03
3.906250000000000000e-01,6.796875000000000000e-01,2.174999999999999850e-03,7.199999999999999803e-03
4.062500000000000000e-01,6.796875000000000000e-01,1.250000000000000026e-04,5.999999999999999474e-04
5.546875000000000000e-01,7.343750000000000000e-01,6.000000000000000125e-03,1.750000000000000036e-03
4.609375000000000000e-01,6.953125000000000000e-01,2.500000000000000120e-05,2.099999999999999870e-03
4.843750000000000000e-01,6.640625000000000000e-01,1.250000000000000026e-04,2.599999999999999881e-03
5.156250000000000000e-01,6.406250000000000000e-01,0.000000000000000000e+00,2.899999999999999800e-03
5.781250000000000000e-01,6.953125000000000000e-01,1.307499999999999982e-02,1.425000000000000051e-03
5.156250000000000000e-01,7.109375000000000000e-01,2.500000000000000120e-05,1.325000000000000006e-03
2.968750000000000000e-01,5.156250000000000000e-01,7.499999999999999343e-05,1.025000000000000086e-03
3.906250000000000000e-01,5.703125000000000000e-01,2.500000000000000120e-05,7.249999999999999500e-04
5.546875000000000000e-01,6.250000000000000000e-01,5.000000000000000240e-05,7.500000000000000156e-04
2.812500000000000000e-01,5.781250000000000000e-01,1.000000000000000048e-04,5.500000000000000331e-04
3.750000000000000000e-01,4.218750000000000000e-01,2.500000000000000052e-04,6.499999999999999702e-04
2.890625000000000000e-01,6.328125000000000000e-01,5.049999999999999802e-03,7.749999999999999728e-04
3.828125000000000000e-01,6.171875000000000000e-01,1.499999999999999869e-04,9.250000000000000409e-04
5.703125000000000000e-01,5.390625000000000000e-01,3.750000000000000078e-04,6.499999999999999702e-04
5.937500000000000000e-01,6.250000000000000000e-01,5.000000000000000240e-05,2.449999999999999921e-03
5.156250000000000000e-01,6.328125000000000000e-01,1.000000000000000048e-04,6.750000000000000357e-04
3.671875000000000000e-01,6.875000000000000000e-01,1.649999999999999991e-03,2.200000000000000133e-03
6.093750000000000000e-01,7.812500000000000000e-01,0.000000000000000000e+00,3.474999999999999790e-03
2.734375000000000000e-01,6.484375000000000000e-01,5.000000000000000240e-05,1.825000000000000016e-03
5.156250000000000000e-01,6.328125000000000000e-01,7.499999999999999343e-05,3.249999999999999851e-03
5.781250000000000000e-01,6.796875000000000000e-01,5.000000000000000240e-05,3.749999999999999861e-03
2.734375000000000000e-01,6.093750000000000000e-01,4.649999999999999620e-03,1.049999999999999935e-03
3.671875000000000000e-01,6.406250000000000000e-01,0.000000000000000000e+00,8.999999999999999754e-04
5.781250000000000000e-01,6.093750000000000000e-01,5.000000000000000104e-04,9.749999999999999552e-04
6.093750000000000000e-01,7.343750000000000000e-01,0.000000000000000000e+00,1.399999999999999986e-03
5.156250000000000000e-01,7.187500000000000000e-01,1.250000000000000026e-04,2.425000000000000072e-03
3.281250000000000000e-01,6.171875000000000000e-01,4.499999999999999660e-03,7.749999999999999728e-04
2.343750000000000000e-01,5.546875000000000000e-01,1.000000000000000048e-04,6.999999999999999929e-04
5.703125000000000000e-01,5.781250000000000000e-01,5.249999999999999676e-04,3.200000000000000153e-03
5.156250000000000000e-01,6.875000000000000000e-01,2.500000000000000120e-05,2.449999999999999921e-03
5.937500000000000000e-01,6.171875000000000000e-01,2.000000000000000096e-04,5.500000000000000331e-04
5.859375000000000000e-01,2.656250000000000000e-01,7.749999999999999728e-04,1.250000000000000026e-04
5.781250000000000000e-01,7.500000000000000000e-01,8.000000000000000383e-04,1.500000000000000031e-03
3.671875000000000000e-01,7.734375000000000000e-01,1.749999999999999982e-04,6.525000000000000418e-03
2.734375000000000000e-01,6.328125000000000000e-01,1.499999999999999869e-04,6.024999999999999974e-03
5.546875000000000000e-01,5.859375000000000000e-01,5.000000000000000240e-05,5.249999999999999676e-04
6.718750000000000000e-01,7.421875000000000000e-01,5.374999999999999570e-03,2.625000000000000163e-03
6.093750000000000000e-01,7.109375000000000000e-01,2.750000000000000166e-04,3.299999999999999982e-03
5.937500000000000000e-01,6.250000000000000000e-01,4.799999999999999580e-03,6.499999999999999702e-04
2.968750000000000000e-01,4.765625000000000000e-01,7.499999999999999343e-05,9.250000000000000409e-04
6.640625000000000000e-01,5.625000000000000000e-01,2.500000000000000120e-05,5.999999999999999474e-04
3.906250000000000000e-01,6.015625000000000000e-01,2.500000000000000120e-05,7.500000000000000156e-04
6.093750000000000000e-01,4.140625000000000000e-01,2.249999999999999938e-04,5.999999999999999474e-04
5.781250000000000000e-01,7.187500000000000000e-01,1.825000000000000016e-03,2.449999999999999921e-03
6.484375000000000000e-01,6.953125000000000000e-01,0.000000000000000000e+00,3.200000000000000153e-03
3.906250000000000000e-01,5.859375000000000000e-01,2.249999999999999938e-04,2.674999999999999861e-03
6.093750000000000000e-01,6.171875000000000000e-01,7.499999999999999343e-05,4.024999999999999932e-03
2.968750000000000000e-01,6.328125000000000000e-01,2.500000000000000120e-05,1.425000000000000051e-03
6.093750000000000000e-01,3.828125000000000000e-01,4.449999999999999963e-03,1.724999999999999971e-03
2.968750000000000000e-01,6.015625000000000000e-01,1.250000000000000026e-04,1.675000000000000057e-03
3.906250000000000000e-01,6.328125000000000000e-01,7.499999999999999343e-05,1.675000000000000057e-03
5.781250000000000000e-01,6.562500000000000000e-01,0.000000000000000000e+00,1.474999999999999966e-03
6.484375000000000000e-01,6.562500000000000000e-01,1.250000000000000026e-04,1.350000000000000071e-03
5.937500000000000000e-01,5.859375000000000000e-01,4.774999999999999731e-03,1.000000000000000021e-03
6.328125000000000000e-01,6.015625000000000000e-01,7.499999999999999343e-05,2.874999999999999951e-03
5.703125000000000000e-01,5.781250000000000000e-01,2.500000000000000120e-05,5.999999999999999474e-04
4.062500000000000000e-01,6.250000000000000000e-01,1.250000000000000026e-04,8.750000000000000182e-04
3.125000000000000000e-01,5.781250000000000000e-01,1.250000000000000026e-04,7.749999999999999728e-04
5.546875000000000000e-01,6.953125000000000000e-01,1.750000000000000036e-03,2.125000000000000153e-03
6.250000000000000000e-01,6.484375000000000000e-01,1.250000000000000026e-04,3.575000000000000053e-03
5.937500000000000000e-01,5.078125000000000000e-01,1.000000000000000048e-04,3.899999999999999821e-03
3.125000000000000000e-01,6.093750000000000000e-01,1.749999999999999982e-04,1.250000000000000026e-03
4.062500000000000000e-01,6.250000000000000000e-01,2.500000000000000120e-05,1.000000000000000021e-03
5.546875000000000000e-01,6.093750000000000000e-01,5.024999999999999953e-03,1.724999999999999971e-03
5.937500000000000000e-01,4.687500000000000000e-01,5.000000000000000240e-05,9.749999999999999552e-04
6.250000000000000000e-01,6.093750000000000000e-01,0.000000000000000000e+00,1.549999999999999946e-03
4.062500000000000000e-01,5.703125000000000000e-01,2.000000000000000096e-04,1.519999999999999997e-02
3.125000000000000000e-01,4.843750000000000000e-01,1.250000000000000026e-04,1.600000000000000033e-02
5.000000000000000000e-01,5.859375000000000000e-01,4.774999999999999731e-03,6.499999999999999702e-04
5.000000000000000000e-01,5.234375000000000000e-01,2.000000000000000042e-03,3.575000000000000053e-03
5.000000000000000000e-01,4.921875000000000000e-01,5.875000000000000014e-03,2.299999999999999961e-03
5.000000000000000000e-01,5.234375000000000000e-01,4.749999999999999882e-03,7.249999999999999500e-04
5.156250000000000000e-01,5.078125000000000000e-01,5.000000000000000240e-05,6.750000000000000357e-04
5.000000000000000000e-01,5.312500000000000000e-01,1.675000000000000057e-03,1.374999999999999920e-03
3.125000000000000000e-01,4.140625000000000000e-01,7.499999999999999343e-05,5.675000000000000357e-03
4.062500000000000000e-01,2.890625000000000000e-01,3.249999999999999851e-04,4.649999999999999620e-03
5.703125000000000000e-01,5.390625000000000000e-01,5.250000000000000326e-03,2.575000000000000032e-03
5.000000000000000000e-01,4.765625000000000000e-01,2.750000000000000166e-04,2.174999999999999850e-03
5.234375000000000000e-01,4.687500000000000000e-01,7.499999999999999343e-05,2.350000000000000092e-03
4.765625000000000000e-01,5.703125000000000000e-01,4.049999999999999781e-03,6.499999999999999702e-04
5.234375000000000000e-01,3.750000000000000000e-01,3.499999999999999964e-04,5.500000000000000331e-04
5.390625000000000000e-01,3.828125000000000000e-01,0.000000000000000000e+00,1.025000000000000086e-03
5.000000000000000000e-01,3.828125000000000000e-01,1.250000000000000026e-04,5.000000000000000104e-04
3.515625000000000000e-01,5.546875000000000000e-01,1.699999999999999905e-03,5.374999999999999570e-03
2.578125000000000000e-01,5.390625000000000000e-01,2.500000000000000120e-05,5.799999999999999600e-03
5.703125000000000000e-01,5.859375000000000000e-01,0.000000000000000000e+00,1.425000000000000051e-03
5.000000000000000000e-01,4.453125000000000000e-01,2.249999999999999938e-04,5.249999999999999676e-04
5.234375000000000000e-01,4.921875000000000000e-01,7.499999999999999343e-05,6.750000000000000357e-04
4.765625000000000000e-01,3.359375000000000000e-01,5.000000000000000240e-05,7.749999999999999728e-04
5.937500000000000000e-01,6.875000000000000000e-01,5.275000000000000175e-03,1.392499999999999988e-02
5.234375000000000000e-01,6.250000000000000000e-01,2.500000000000000120e-05,1.460000000000000013e-02
5.703125000000000000e-01,6.015625000000000000e-01,2.500000000000000120e-05,1.452499999999999972e-02
3.125000000000000000e-01,5.625000000000000000e-01,5.000000000000000104e-03,8.249999999999999955e-04
2.187500000000000000e-01,3.593750000000000000e-01,2.000000000000000096e-04,1.049999999999999935e-03
3.515625000000000000e-01,6.640625000000000000e-01,1.925000000000000062e-03,7.425000000000000176e-03
2.578125000000000000e-01,5.859375000000000000e-01,1.499999999999999869e-04,7.100000000000000408e-03
2.578125000000000000e-01,5.937500000000000000e-01,1.009999999999999960e-02,9.350000000000000672e-03
3.515625000000000000e-01,6.015625000000000000e-01,2.500000000000000120e-05,9.525000000000000480e-03
5.703125000000000000e-01,6.484375000000000000e-01,4.499999999999999660e-03,3.275000000000000133e-03
5.234375000000000000e-01,6.093750000000000000e-01,1.499999999999999869e-04,3.524999999999999922e-03
5.000000000000000000e-01,5.937500000000000000e-01,1.250000000000000026e-04,2.749999999999999840e-03
4.765625000000000000e-01,5.937500000000000000e-01,4.575000000000000074e-03,6.250000000000000130e-04
5.000000000000000000e-01,5.234375000000000000e-01,5.000000000000000240e-05,5.999999999999999474e-04
5.234375000000000000e-01,3.359375000000000000e-01,1.250000000000000026e-04,7.249999999999999500e-04
5.390625000000000000e-01,4.843750000000000000e-01,2.500000000000000120e-05,6.999999999999999929e-04
5.000000000000000000e-01,6.171875000000000000e-01,1.649999999999999991e-03,6.750000000000000357e-04
5.390625000000000000e-01,5.625000000000000000e-01,5.000000000000000240e-05,1.250000000000000026e-03
5.703125000000000000e-01,6.875000000000000000e-01,5.000000000000000240e-05,1.874999999999999931e-03
3.515625000000000000e-01,7.421875000000000000e-01,2.750000000000000166e-04,5.649999999999999641e-03
4.765625000000000000e-01,4.531250000000000000e-01,1.000000000000000048e-04,6.999999999999999929e-04
2.578125000000000000e-01,6.640625000000000000e-01,7.499999999999999343e-05,5.725000000000000054e-03
5.937500000000000000e-01,6.562500000000000000e-01,5.499999999999999681e-03,1.427499999999999949e-02
5.234375000000000000e-01,7.109375000000000000e-01,7.499999999999999343e-05,1.382500000000000048e-02
6.171875000000000000e-01,7.578125000000000000e-01,0.000000000000000000e+00,1.382500000000000048e-02
5.703125000000000000e-01,6.640625000000000000e-01,1.000000000000000048e-04,1.417500000000000010e-02
3.125000000000000000e-01,6.093750000000000000e-01,4.425000000000000114e-03,6.499999999999999702e-04
2.187500000000000000e-01,1.796875000000000000e-01,6.250000000000000130e-04,1.374999999999999920e-03
3.515625000000000000e-01,7.343750000000000000e-01,1.750000000000000036e-03,8.449999999999999178e-03
2.578125000000000000e-01,6.562500000000000000e-01,2.750000000000000166e-04,7.599999999999999985e-03
2.578125000000000000e-01,6.640625000000000000e-01,1.124999999999999958e-02,3.050000000000000194e-03
3.515625000000000000e-01,7.109375000000000000e-01,0.000000000000000000e+00,4.100000000000000346e-03
5.937500000000000000e-01,7.031250000000000000e-01,3.374999999999999962e-03,1.299999999999999940e-03
5.234375000000000000e-01,6.796875000000000000e-01,5.000000000000000240e-05,1.149999999999999981e-03
5.703125000000000000e-01,6.562500000000000000e-01,5.000000000000000240e-05,1.175000000000000046e-03
5.390625000000000000e-01,5.625000000000000000e-01,2.500000000000000120e-05,6.499999999999999702e-04
4.453125000000000000e-01,5.781250000000000000e-01,5.125000000000000215e-03,6.250000000000000130e-04
3.515625000000000000e-01,5.859375000000000000e-01,1.749999999999999982e-04,6.750000000000000357e-04
5.703125000000000000e-01,5.625000000000000000e-01,5.249999999999999676e-04,9.250000000000000409e-04
6.093750000000000000e-01,5.859375000000000000e-01,5.000000000000000240e-05,6.250000000000000130e-04
5.234375000000000000e-01,5.625000000000000000e-01,2.500000000000000120e-05,7.749999999999999728e-04
5.390625000000000000e-01,5.234375000000000000e-01,2.249999999999999938e-04,4.249999999999999763e-04
6.171875000000000000e-01,7.734375000000000000e-01,1.624999999999999925e-03,4.349999999999999700e-03
5.390625000000000000e-01,6.562500000000000000e-01,2.500000000000000120e-05,4.300000000000000003e-03
5.703125000000000000e-01,6.484375000000000000e-01,2.500000000000000120e-05,3.824999999999999841e-03
5.234375000000000000e-01,7.187500000000000000e-01,7.499999999999999343e-05,4.150000000000000043e-03
2.578125000000000000e-01,6.718750000000000000e-01,7.499999999999999343e-05,5.999999999999999474e-04
3.359375000000000000e-01,4.218750000000000000e-01,6.250000000000000130e-04,2.500000000000000120e-05
6.171875000000000000e-01,7.578125000000000000e-01,5.074999999999999650e-03,1.399999999999999986e-03
5.781250000000000000e-01,7.343750000000000000e-01,5.000000000000000240e-05,1.075000000000000001e-03
3.906250000000000000e-01,7.031250000000000000e-01,2.500000000000000120e-05,7.500000000000000156e-04
2.968750000000000000e-01,7.109375000000000000e-01,5.000000000000000240e-05,9.749999999999999552e-04
5.390625000000000000e-01,6.640625000000000000e-01,2.500000000000000120e-05,1.325000000000000006e-03
5.234375000000000000e-01,7.421875000000000000e-01,5.000000000000000240e-05,1.275000000000000092e-03
5.156250000000000000e-01,7.343750000000000000e-01,5.649999999999999641e-03,1.075000000000000001e-03
3.515625000000000000e-01,6.718750000000000000e-01,2.500000000000000120e-05,1.049999999999999935e-03
5.781250000000000000e-01,5.859375000000000000e-01,0.000000000000000000e+00,8.750000000000000182e-04
5.390625000000000000e-01,5.312500000000000000e-01,2.500000000000000120e-05,8.999999999999999754e-04
2.578125000000000000e-01,6.562500000000000000e-01,1.000000000000000048e-04,8.249999999999999955e-04
3.125000000000000000e-01,2.343750000000000000e-02,6.250000000000000130e-04,9.749999999999999552e-04
6.093750000000000000e-01,3.515625000000000000e-01,9.749999999999999552e-04,1.874999999999999931e-03
5.781250000000000000e-01,5.859375000000000000e-01,5.000000000000000240e-05,1.474999999999999966e-03
5.390625000000000000e-01,5.546875000000000000e-01,2.500000000000000120e-05,5.999999999999999474e-04
5.156250000000000000e-01,4.218750000000000000e-01,1.499999999999999869e-04,8.499999999999999526e-04
3.515625000000000000e-01,7.187500000000000000e-01,2.999999999999999737e-04,8.000000000000000167e-03
2.578125000000000000e-01,7.109375000000000000e-01,1.000000000000000048e-04,7.524999999999999571e-03
7.031250000000000000e-01,7.890625000000000000e-01,5.749999999999999903e-03,1.025000000000000086e-03
6.093750000000000000e-01,7.656250000000000000e-01,2.500000000000000120e-05,1.474999999999999966e-03
6.718750000000000000e-01,6.875000000000000000e-01,0.000000000000000000e+00,8.999999999999999754e-04
6.796875000000000000e-01,1.406250000000000000e-01,1.149999999999999981e-03,2.500000000000000120e-05
5.937500000000000000e-01,5.781250000000000000e-01,4.874999999999999993e-03,1.149999999999999981e-03
5.156250000000000000e-01,6.406250000000000000e-01,2.500000000000000120e-05,7.749999999999999728e-04
5.703125000000000000e-01,5.703125000000000000e-01,0.000000000000000000e+00,4.550000000000000225e-03
3.906250000000000000e-01,5.546875000000000000e-01,1.949999999999999910e-03,7.100000000000000408e-03
5.781250000000000000e-01,6.875000000000000000e-01,2.500000000000000120e-05,2.475000000000000203e-03
5.546875000000000000e-01,6.250000000000000000e-01,7.499999999999999343e-05,1.624999999999999925e-03
2.968750000000000000e-01,5.390625000000000000e-01,7.499999999999999343e-05,1.162499999999999992e-02
5.156250000000000000e-01,6.171875000000000000e-01,7.499999999999999343e-05,2.650000000000000012e-03
5.781250000000000000e-01,5.625000000000000000e-01,4.874999999999999993e-03,3.524999999999999922e-03
5.156250000000000000e-01,6.250000000000000000e-01,2.500000000000000120e-05,2.874999999999999951e-03
5.546875000000000000e-01,5.078125000000000000e-01,7.499999999999999343e-05,3.324999999999999831e-03
5.703125000000000000e-01,5.625000000000000000e-01,4.774999999999999731e-03,7.249999999999999500e-04
5.156250000000000000e-01,3.750000000000000000e-01,4.749999999999999990e-04,2.050000000000000173e-03
5.390625000000000000e-01,2.890625000000000000e-01,2.249999999999999938e-04,9.250000000000000409e-04
5.390625000000000000e-01,2.968750000000000000e-01,9.250000000000000409e-04,1.100000000000000066e-03
5.703125000000000000e-01,3.828125000000000000e-01,1.499999999999999869e-04,8.999999999999999754e-04
5.546875000000000000e-01,5.000000000000000000e-01,2.750000000000000166e-04,8.000000000000000383e-04
3.984375000000000000e-01,5.468750000000000000e-01,1.499999999999999869e-04,1.224999999999999960e-03
3.046875000000000000e-01,4.921875000000000000e-01,2.500000000000000120e-05,2.075000000000000022e-03
5.546875000000000000e-01,4.765625000000000000e-01,6.000000000000000125e-03,3.474999999999999790e-03
5.312500000000000000e-01,4.609375000000000000e-01,2.000000000000000096e-04,3.150000000000000022e-03
3.125000000000000000e-01,3.984375000000000000e-01,7.499999999999999343e-05,1.997499999999999970e-02
4.062500000000000000e-01,3.906250000000000000e-01,5.000000000000000240e-05,1.867500000000000063e-02
5.312500000000000000e-01,3.906250000000000000e-01,5.349999999999999721e-03,5.999999999999999474e-04
5.546875000000000000e-01,3.515625000000000000e-01,0.000000000000000000e+00,6.250000000000000130e-04
5.546875000000000000e-01,5.625000000000000000e-01,1.649999999999999991e-03,2.575000000000000032e-03
5.312500000000000000e-01,5.625000000000000000e-01,3.249999999999999851e-04,1.474999999999999966e-03
5.546875000000000000e-01,3.828125000000000000e-01,5.100000000000000366e-03,3.125000000000000173e-03
5.156250000000000000e-01,4.296875000000000000e-01,3.249999999999999851e-04,2.724999999999999992e-03
5.312500000000000000e-01,4.453125000000000000e-01,0.000000000000000000e+00,2.674999999999999861e-03
5.312500000000000000e-01,3.828125000000000000e-01,5.125000000000000215e-03,6.499999999999999702e-04
5.546875000000000000e-01,1.875000000000000000e-01,2.500000000000000120e-05,7.749999999999999728e-04
5.156250000000000000e-01,3.671875000000000000e-01,1.000000000000000048e-04,5.999999999999999474e-04
5.546875000000000000e-01,4.531250000000000000e-01,1.149999999999999981e-03,3.725000000000000012e-03
5.312500000000000000e-01,3.984375000000000000e-01,9.749999999999999552e-04,6.999999999999999929e-04
5.156250000000000000e-01,1.718750000000000000e-01,3.750000000000000078e-04,1.124999999999999915e-03
3.125000000000000000e-01,4.687500000000000000e-01,3.550000000000000204e-03,8.000000000000000383e-04
5.546875000000000000e-01,4.843750000000000000e-01,3.750000000000000078e-04,2.299999999999999961e-03
5.312500000000000000e-01,4.687500000000000000e-01,1.499999999999999869e-04,3.500000000000000073e-03
5.000000000000000000e-01,4.609375000000000000e-01,1.250000000000000026e-04,1.474999999999999966e-03
3.515625000000000000e-01,5.234375000000000000e-01,4.474999999999999811e-03,5.749999999999999903e-04
2.578125000000000000e-01,3.671875000000000000e-01,7.499999999999999343e-05,8.750000000000000182e-04
5.312500000000000000e-01,2.890625000000000000e-01,2.000000000000000096e-04,7.749999999999999728e-04
5.546875000000000000e-01,4.531250000000000000e-01,0.000000000000000000e+00,5.249999999999999676e-04
5.000000000000000000e-01,5.078125000000000000e-01,5.000000000000000240e-05,6.499999999999999702e-04
5.390625000000000000e-01,1.484375000000000000e-01,1.799999999999999951e-03,1.124999999999999915e-03
5.703125000000000000e-01,6.406250000000000000e-01,2.500000000000000120e-05,1.874999999999999931e-03
4.062500000000000000e-01,5.625000000000000000e-01,2.999999999999999737e-04,6.750000000000000357e-04
3.125000000000000000e-01,5.546875000000000000e-01,7.499999999999999343e-05,5.999999999999999474e-04
5.000000000000000000e-01,4.140625000000000000e-01,1.250000000000000026e-04,7.749999999999999728e-04
3.515625000000000000e-01,5.625000000000000000e-01,4.649999999999999620e-03,7.500000000000000156e-04
5.781250000000000000e-01,5.781250000000000000e-01,0.000000000000000000e+00,3.225000000000000002e-03
4.453125000000000000e-01,4.687500000000000000e-01,1.749999999999999982e-04,5.500000000000000331e-04
5.546875000000000000e-01,4.843750000000000000e-01,5.000000000000000240e-05,2.700000000000000143e-03
5.000000000000000000e-01,4.687500000000000000e-01,7.499999999999999343e-05,2.700000000000000143e-03
4.062500000000000000e-01,5.000000000000000000e-01,4.924999999999999691e-03,7.500000000000000156e-04
3.125000000000000000e-01,3.359375000000000000e-01,2.500000000000000052e-04,8.499999999999999526e-04
5.546875000000000000e-01,4.531250000000000000e-01,1.000000000000000048e-04,5.500000000000000331e-04
5.781250000000000000e-01,4.062500000000000000e-01,0.000000000000000000e+00,5.749999999999999903e-04
5.000000000000000000e-01,4.843750000000000000e-01,5.000000000000000240e-05,6.999999999999999929e-04
5.781250000000000000e-01,6.328125000000000000e-01,1.975000000000000193e-03,3.975000000000000235e-03
5.000000000000000000e-01,5.312500000000000000e-01,5.000000000000000240e-05,3.200000000000000153e-03
5.546875000000000000e-01,5.468750000000000000e-01,1.000000000000000048e-04,3.399999999999999811e-03
4.453125000000000000e-01,5.625000000000000000e-01,1.000000000000000048e-04,1.124999999999999958e-02
3.515625000000000000e-01,5.078125000000000000e-01,4.249999999999999763e-04,1.145000000000000011e-02
5.703125000000000000e-01,5.156250000000000000e-01,5.324999999999999872e-03,3.725000000000000012e-03
5.000000000000000000e-01,5.156250000000000000e-01,7.499999999999999343e-05,3.399999999999999811e-03
5.781250000000000000e-01,5.000000000000000000e-01,1.499999999999999869e-04,3.225000000000000002e-03
5.390625000000000000e-01,4.687500000000000000e-01,2.500000000000000120e-05,3.425000000000000093e-03
5.703125000000000000e-01,5.312500000000000000e-01,5.324999999999999872e-03,7.749999999999999728e-04
5.000000000000000000e-01,5.468750000000000000e-01,2.249999999999999938e-04,6.750000000000000357e-04
5.781250000000000000e-01,4.453125000000000000e-01,7.499999999999999343e-05,5.000000000000000104e-04
5.390625000000000000e-01,4.609375000000000000e-01,2.500000000000000120e-05,6.750000000000000357e-04
5.703125000000000000e-01,5.312500000000000000e-01,1.899999999999999996e-03,3.524999999999999922e-03
5.000000000000000000e-01,5.703125000000000000e-01,2.500000000000000120e-05,2.925000000000000083e-03
5.781250000000000000e-01,6.171875000000000000e-01,1.000000000000000048e-04,2.874999999999999951e-03
5.390625000000000000e-01,4.843750000000000000e-01,1.000000000000000048e-04,2.224999999999999981e-03
3.125000000000000000e-01,5.390625000000000000e-01,3.799999999999999992e-03,6.999999999999999929e-04
4.062500000000000000e-01,2.343750000000000000e-01,5.000000000000000104e-04,8.999999999999999754e-04
5.781250000000000000e-01,6.328125000000000000e-01,3.249999999999999851e-04,3.225000000000000002e-03
5.546875000000000000e-01,5.859375000000000000e-01,7.499999999999999343e-05,3.150000000000000022e-03
5.000000000000000000e-01,5.625000000000000000e-01,1.749999999999999982e-04,2.925000000000000083e-03
5.312500000000000000e-01,5.546875000000000000e-01,2.500000000000000120e-05,3.024999999999999911e-03
3.515625000000000000e-01,6.093750000000000000e-01,4.199999999999999740e-03,6.999999999999999929e-04
2.578125000000000000e-01,4.375000000000000000e-01,7.499999999999999343e-05,8.499999999999999526e-04
5.781250000000000000e-01,5.625000000000000000e-01,3.249999999999999851e-04,6.750000000000000357e-04
5.000000000000000000e-01,5.625000000000000000e-01,2.750000000000000166e-04,6.999999999999999929e-04
5.546875000000000000e-01,4.765625000000000000e-01,0.000000000000000000e+00,8.499999999999999526e-04
5.312500000000000000e-01,4.921875000000000000e-01,2.000000000000000096e-04,7.249999999999999500e-04
5.781250000000000000e-01,6.640625000000000000e-01,1.500000000000000031e-03,3.275000000000000133e-03
5.546875000000000000e-01,4.921875000000000000e-01,5.000000000000000240e-05,3.850000000000000124e-03
5.000000000000000000e-01,5.468750000000000000e-01,1.499999999999999869e-04,2.824999999999999820e-03
5.312500000000000000e-01,5.703125000000000000e-01,2.249999999999999938e-04,3.050000000000000194e-03
4.062500000000000000e-01,5.234375000000000000e-01,2.500000000000000120e-05,7.749999999999999728e-04
3.203125000000000000e-01,4.921875000000000000e-01,5.000000000000000240e-05,6.999999999999999929e-04
4.453125000000000000e-01,5.234375000000000000e-01,4.675000000000000336e-03,6.750000000000000357e-04
5.937500000000000000e-01,6.718750000000000000e-01,0.000000000000000000e+00,3.575000000000000053e-03
3.515625000000000000e-01,5.781250000000000000e-01,2.500000000000000120e-05,7.249999999999999500e-04
5.000000000000000000e-01,6.718750000000000000e-01,7.499999999999999343e-05,3.500000000000000073e-03
5.703125000000000000e-01,6.328125000000000000e-01,2.500000000000000120e-05,3.599999999999999901e-03
5.390625000000000000e-01,5.937500000000000000e-01,1.000000000000000048e-04,3.550000000000000204e-03
3.125000000000000000e-01,4.375000000000000000e-01,5.024999999999999953e-03,7.249999999999999500e-04
4.062500000000000000e-01,5.078125000000000000e-01,2.500000000000000120e-05,6.250000000000000130e-04
5.000000000000000000e-01,6.406250000000000000e-01,7.499999999999999343e-05,8.499999999999999526e-04
5.703125000000000000e-01,5.156250000000000000e-01,7.499999999999999343e-05,7.249999999999999500e-04
5.937500000000000000e-01,5.078125000000000000e-01,0.000000000000000000e+00,6.250000000000000130e-04
5.390625000000000000e-01,5.234375000000000000e-01,2.500000000000000120e-05,8.249999999999999955e-04
5.937500000000000000e-01,6.875000000000000000e-01,1.825000000000000016e-03,3.024999999999999911e-03
5.703125000000000000e-01,6.250000000000000000e-01,1.250000000000000026e-04,2.899999999999999800e-03
5.000000000000000000e-01,5.937500000000000000e-01,2.500000000000000120e-05,2.599999999999999881e-03
5.390625000000000000e-01,5.703125000000000000e-01,7.499999999999999343e-05,1.750000000000000036e-03
4.453125000000000000e-01,6.093750000000000000e-01,3.249999999999999851e-04,1.272500000000000020e-02
3.515625000000000000e-01,5.546875000000000000e-01,1.499999999999999869e-04,1.297500000000000042e-02
5.937500000000000000e-01,6.093750000000000000e-01,5.000000000000000104e-03,2.949999999999999931e-03
5.781250000000000000e-01,6.796875000000000000e-01,2.500000000000000120e-05,3.249999999999999851e-03
5.000000000000000000e-01,6.406250000000000000e-01,1.000000000000000048e-04,2.599999999999999881e-03
5.546875000000000000e-01,5.625000000000000000e-01,2.500000000000000052e-04,2.174999999999999850e-03
5.625000000000000000e-01,5.390625000000000000e-01,0.000000000000000000e+00,2.050000000000000173e-03
5.546875000000000000e-01,6.093750000000000000e-01,4.924999999999999691e-03,8.499999999999999526e-04
5.000000000000000000e-01,6.328125000000000000e-01,2.500000000000000120e-05,5.999999999999999474e-04
5.781250000000000000e-01,6.640625000000000000e-01,2.500000000000000120e-05,6.999999999999999929e-04
5.937500000000000000e-01,3.281250000000000000e-01,5.999999999999999474e-04,5.749999999999999903e-04
5.546875000000000000e-01,5.859375000000000000e-01,1.350000000000000071e-03,1.600000000000000077e-03
5.781250000000000000e-01,6.328125000000000000e-01,2.500000000000000120e-05,2.075000000000000022e-03
5.000000000000000000e-01,6.718750000000000000e-01,2.500000000000000120e-05,1.350000000000000071e-03
5.937500000000000000e-01,6.250000000000000000e-01,2.000000000000000096e-04,1.850000000000000082e-03
5.937500000000000000e-01,7.109375000000000000e-01,4.400000000000000265e-03,3.775000000000000144e-03
3.515625000000000000e-01,6.093750000000000000e-01,7.499999999999999343e-05,6.499999999999999702e-04
4.453125000000000000e-01,5.625000000000000000e-01,0.000000000000000000e+00,5.999999999999999474e-04
5.390625000000000000e-01,6.718750000000000000e-01,2.500000000000000120e-05,3.299999999999999982e-03
5.703125000000000000e-01,6.250000000000000000e-01,2.500000000000000120e-05,3.899999999999999821e-03
5.312500000000000000e-01,6.406250000000000000e-01,1.250000000000000026e-04,3.674999999999999881e-03
4.062500000000000000e-01,5.468750000000000000e-01,5.100000000000000366e-03,7.249999999999999500e-04
5.937500000000000000e-01,6.328125000000000000e-01,5.000000000000000240e-05,7.500000000000000156e-04
5.312500000000000000e-01,5.781250000000000000e-01,1.000000000000000048e-04,9.250000000000000409e-04
5.703125000000000000e-01,5.312500000000000000e-01,2.500000000000000120e-05,8.249999999999999955e-04
5.390625000000000000e-01,6.640625000000000000e-01,2.500000000000000120e-05,7.749999999999999728e-04
3.125000000000000000e-01,3.046875000000000000e-01,1.000000000000000048e-04,9.749999999999999552e-04
5.937500000000000000e-01,6.953125000000000000e-01,1.825000000000000016e-03,2.099999999999999870e-03
5.312500000000000000e-01,6.484375000000000000e-01,1.250000000000000026e-04,2.174999999999999850e-03
5.390625000000000000e-01,6.562500000000000000e-01,2.500000000000000120e-05,1.325000000000000006e-03
5.703125000000000000e-01,5.859375000000000000e-01,1.250000000000000026e-04,3.350000000000000113e-03
4.453125000000000000e-01,6.562500000000000000e-01,1.499999999999999869e-04,5.500000000000000331e-04
3.671875000000000000e-01,4.375000000000000000e-01,5.249999999999999676e-04,7.249999999999999500e-04
5.937500000000000000e-01,7.265625000000000000e-01,4.199999999999999740e-03,3.500000000000000073e-03
4.843750000000000000e-01,5.859375000000000000e-01,1.000000000000000048e-04,5.999999999999999474e-04
5.156250000000000000e-01,7.109375000000000000e-01,2.500000000000000120e-05,3.500000000000000073e-03
3.906250000000000000e-01,6.562500000000000000e-01,2.500000000000000120e-05,5.999999999999999474e-04
5.390625000000000000e-01,6.406250000000000000e-01,2.500000000000000120e-05,3.975000000000000235e-03
5.703125000000000000e-01,6.406250000000000000e-01,1.499999999999999869e-04,3.650000000000000033e-03
4.062500000000000000e-01,1.875000000000000000e-01,3.075000000000000042e-03,1.075000000000000001e-03
4.453125000000000000e-01,6.328125000000000000e-01,1.850000000000000082e-03,5.500000000000000331e-04
3.515625000000000000e-01,4.218750000000000000e-01,1.749999999999999982e-04,6.250000000000000130e-04
5.937500000000000000e-01,6.328125000000000000e-01,1.000000000000000048e-04,6.999999999999999929e-04
5.156250000000000000e-01,6.562500000000000000e-01,5.000000000000000240e-05,8.000000000000000383e-04
5.390625000000000000e-01,5.312500000000000000e-01,7.499999999999999343e-05,1.149999999999999981e-03
5.703125000000000000e-01,5.156250000000000000e-01,1.000000000000000048e-04,8.750000000000000182e-04
5.937500000000000000e-01,7.031250000000000000e-01,1.949999999999999910e-03,4.675000000000000336e-03
3.750000000000000000e-01,6.562500000000000000e-01,2.500000000000000120e-05,5.999999999999999474e-04
4.687500000000000000e-01,6.484375000000000000e-01,0.000000000000000000e+00,5.249999999999999676e-04
5.156250000000000000e-01,7.031250000000000000e-01,0.000000000000000000e+00,2.449999999999999921e-03
5.703125000000000000e-01,5.703125000000000000e-01,7.499999999999999343e-05,4.700000000000000185e-03
5.390625000000000000e-01,5.078125000000000000e-01,2.500000000000000120e-05,2.724999999999999992e-03
3.906250000000000000e-01,3.281250000000000000e-01,6.750000000000000357e-04,1.049999999999999935e-03
5.703125000000000000e-01,5.156250000000000000e-01,4.874999999999999993e-03,4.150000000000000043e-03
4.453125000000000000e-01,7.109375000000000000e-01,7.499999999999999343e-05,5.499999999999999681e-03
5.390625000000000000e-01,7.187500000000000000e-01,0.000000000000000000e+00,4.275000000000000154e-03
5.156250000000000000e-01,7.109375000000000000e-01,2.500000000000000120e-05,3.099999999999999891e-03
5.781250000000000000e-01,7.421875000000000000e-01,2.500000000000000120e-05,3.700000000000000164e-03
5.703125000000000000e-01,4.843750000000000000e-01,5.125000000000000215e-03,1.500000000000000031e-03
5.781250000000000000e-01,5.468750000000000000e-01,1.250000000000000026e-04,3.474999999999999790e-03
5.156250000000000000e-01,6.718750000000000000e-01,2.500000000000000120e-05,4.100000000000000346e-03
5.703125000000000000e-01,5.000000000000000000e-01,2.475000000000000203e-03,1.199999999999999895e-03
4.218750000000000000e-01,2.265625000000000000e-01,8.000000000000000383e-04,1.124999999999999915e-03
3.906250000000000000e-01,6.250000000000000000e-01,2.925000000000000083e-03,6.250000000000000130e-04
5.781250000000000000e-01,5.937500000000000000e-01,1.499999999999999869e-04,4.074999999999999629e-03
6.093750000000000000e-01,7.500000000000000000e-01,1.000000000000000048e-04,3.725000000000000012e-03
4.843750000000000000e-01,5.234375000000000000e-01,2.500000000000000120e-05,5.500000000000000331e-04
5.390625000000000000e-01,6.796875000000000000e-01,0.000000000000000000e+00,3.975000000000000235e-03
5.703125000000000000e-01,5.859375000000000000e-01,2.750000000000000166e-04,3.524999999999999922e-03
5.390625000000000000e-01,5.781250000000000000e-01,5.275000000000000175e-03,1.149999999999999981e-03
6.093750000000000000e-01,6.250000000000000000e-01,0.000000000000000000e+00,6.750000000000000357e-04
3.515625000000000000e-01,3.515625000000000000e-01,2.500000000000000120e-05,7.749999999999999728e-04
4.453125000000000000e-01,5.312500000000000000e-01,5.000000000000000240e-05,7.500000000000000156e-04
5.781250000000000000e-01,5.546875000000000000e-01,2.500000000000000120e-05,9.250000000000000409e-04
5.703125000000000000e-01,5.546875000000000000e-01,2.000000000000000096e-04,5.999999999999999474e-04
5.390625000000000000e-01,6.328125000000000000e-01,1.699999999999999905e-03,2.024999999999999890e-03
5.781250000000000000e-01,5.859375000000000000e-01,5.000000000000000240e-05,1.624999999999999925e-03
6.093750000000000000e-01,7.734375000000000000e-01,0.000000000000000000e+00,3.924999999999999670e-03
5.703125000000000000e-01,6.640625000000000000e-01,1.000000000000000048e-04,2.075000000000000022e-03
3.906250000000000000e-01,4.609375000000000000e-01,4.000000000000000192e-04,5.749999999999999903e-04
4.687500000000000000e-01,4.375000000000000000e-01,1.250000000000000026e-04,5.500000000000000331e-04
4.453125000000000000e-01,6.562500000000000000e-01,4.349999999999999700e-03,6.999999999999999929e-04
5.390625000000000000e-01,5.859375000000000000e-01,0.000000000000000000e+00,5.500000000000000331e-04
6.093750000000000000e-01,6.953125000000000000e-01,2.000000000000000096e-04,3.599999999999999901e-03
5.546875000000000000e-01,6.796875000000000000e-01,2.500000000000000120e-05,3.425000000000000093e-03
5.781250000000000000e-01,6.875000000000000000e-01,1.000000000000000048e-04,3.374999999999999962e-03
4.609375000000000000e-01,2.109375000000000000e-01,3.249999999999999851e-03,1.750000000000000036e-03
4.062500000000000000e-01,5.000000000000000000e-01,1.775000000000000102e-03,5.249999999999999676e-04
5.000000000000000000e-01,5.390625000000000000e-01,5.000000000000000240e-05,6.250000000000000130e-04
5.781250000000000000e-01,5.781250000000000000e-01,5.000000000000000240e-05,8.499999999999999526e-04
6.093750000000000000e-01,5.937500000000000000e-01,5.000000000000000240e-05,8.000000000000000383e-04
5.546875000000000000e-01,5.859375000000000000e-01,5.000000000000000240e-05,8.000000000000000383e-04
6.093750000000000000e-01,6.484375000000000000e-01,1.699999999999999905e-03,1.724999999999999971e-03
5.546875000000000000e-01,6.562500000000000000e-01,1.000000000000000048e-04,1.874999999999999931e-03
5.781250000000000000e-01,5.937500000000000000e-01,1.499999999999999869e-04,9.749999999999999552e-04
4.453125000000000000e-01,6.328125000000000000e-01,2.750000000000000166e-04,6.250000000000000130e-04
5.390625000000000000e-01,6.484375000000000000e-01,2.500000000000000120e-05,5.000000000000000104e-04
5.781250000000000000e-01,7.343750000000000000e-01,6.550000000000000266e-03,4.125000000000000194e-03
5.546875000000000000e-01,6.562500000000000000e-01,5.000000000000000240e-05,4.275000000000000154e-03
5.937500000000000000e-01,8.125000000000000000e-01,0.000000000000000000e+00,8.249999999999999955e-04
5.000000000000000000e-01,7.890625000000000000e-01,2.500000000000000120e-05,6.999999999999999929e-04
5.390625000000000000e-01,6.796875000000000000e-01,2.500000000000000120e-05,4.250000000000000305e-03
5.546875000000000000e-01,5.546875000000000000e-01,6.024999999999999974e-03,6.750000000000000357e-04
5.781250000000000000e-01,5.312500000000000000e-01,0.000000000000000000e+00,6.250000000000000130e-04
5.390625000000000000e-01,5.390625000000000000e-01,1.250000000000000026e-04,6.250000000000000130e-04
5.781250000000000000e-01,7.031250000000000000e-01,1.649999999999999991e-03,1.275000000000000092e-03
5.546875000000000000e-01,6.171875000000000000e-01,1.250000000000000026e-04,1.075000000000000001e-03
5.390625000000000000e-01,6.484375000000000000e-01,2.500000000000000120e-05,1.049999999999999935e-03
5.312500000000000000e-01,7.500000000000000000e-01,5.850000000000000165e-03,1.975000000000000193e-03
5.937500000000000000e-01,6.875000000000000000e-01,0.000000000000000000e+00,1.224999999999999960e-03
3.125000000000000000e-01,7.265625000000000000e-01,2.500000000000000120e-05,1.675000000000000057e-03
4.062500000000000000e-01,7.500000000000000000e-01,5.000000000000000240e-05,1.525000000000000097e-03
5.781250000000000000e-01,6.171875000000000000e-01,0.000000000000000000e+00,1.399999999999999986e-03
5.546875000000000000e-01,5.937500000000000000e-01,2.249999999999999938e-04,7.249999999999999500e-04
3.671875000000000000e-01,3.437500000000000000e-01,6.999999999999999929e-04,8.999999999999999754e-04
4.765625000000000000e-01,6.640625000000000000e-01,6.049999999999999822e-03,1.250000000000000026e-03
3.125000000000000000e-01,6.093750000000000000e-01,5.000000000000000240e-05,9.250000000000000409e-04
4.062500000000000000e-01,6.406250000000000000e-01,5.000000000000000240e-05,8.000000000000000383e-04
4.453125000000000000e-01,6.250000000000000000e-01,2.500000000000000120e-05,8.999999999999999754e-04
4.453125000000000000e-01,6.093750000000000000e-01,1.675000000000000057e-03,1.175000000000000046e-03
4.765625000000000000e-01,5.703125000000000000e-01,2.500000000000000120e-05,9.250000000000000409e-04
5.000000000000000000e-01,7.265625000000000000e-01,1.749999999999999982e-04,1.275000000000000092e-03
4.062500000000000000e-01,7.343750000000000000e-01,1.000000000000000048e-04,1.025000000000000086e-03
3.125000000000000000e-01,7.109375000000000000e-01,7.499999999999999343e-05,1.124999999999999915e-03
5.156250000000000000e-01,3.281250000000000000e-01,6.250000000000000130e-04,6.750000000000000357e-04
5.703125000000000000e-01,7.968750000000000000e-01,5.875000000000000014e-03,2.075000000000000108e-02
5.000000000000000000e-01,6.875000000000000000e-01,1.000000000000000048e-04,2.047500000000000014e-02
4.765625000000000000e-01,7.500000000000000000e-01,5.000000000000000240e-05,2.129999999999999949e-02
3.125000000000000000e-01,6.718750000000000000e-01,5.000000000000000240e-05,1.350000000000000071e-03
4.062500000000000000e-01,7.421875000000000000e-01,0.000000000000000000e+00,1.325000000000000006e-03
2.578125000000000000e-01,7.109375000000000000e-01,1.257499999999999937e-02,1.000000000000000021e-03
3.515625000000000000e-01,7.187500000000000000e-01,0.000000000000000000e+00,7.749999999999999728e-04
3.125000000000000000e-01,6.093750000000000000e-01,6.649999999999999661e-03,6.499999999999999702e-04
2.187500000000000000e-01,5.078125000000000000e-01,1.000000000000000048e-04,8.000000000000000383e-04
3.515625000000000000e-01,7.656250000000000000e-01,2.024999999999999890e-03,1.905000000000000096e-02
2.578125000000000000e-01,6.718750000000000000e-01,1.000000000000000048e-04,1.884999999999999870e-02
5.000000000000000000e-01,6.562500000000000000e-01,4.599999999999999922e-03,4.324999999999999852e-03
4.453125000000000000e-01,6.875000000000000000e-01,1.499999999999999869e-04,3.874999999999999972e-03
4.765625000000000000e-01,6.640625000000000000e-01,0.000000000000000000e+00,4.250000000000000305e-03
4.062500000000000000e-01,6.718750000000000000e-01,5.850000000000000165e-03,9.250000000000000409e-04
4.453125000000000000e-01,6.171875000000000000e-01,2.500000000000000052e-04,6.250000000000000130e-04
4.765625000000000000e-01,5.703125000000000000e-01,0.000000000000000000e+00,5.749999999999999903e-04
5.000000000000000000e-01,7.031250000000000000e-01,1.500000000000000031e-03,1.100000000000000066e-03
4.765625000000000000e-01,7.031250000000000000e-01,1.250000000000000026e-04,1.224999999999999960e-03
4.453125000000000000e-01,6.562500000000000000e-01,7.499999999999999343e-05,4.499999999999999877e-04
4.062500000000000000e-01,2.421875000000000000e-01,3.750000000000000078e-04,5.749999999999999903e-04
5.703125000000000000e-01,7.578125000000000000e-01,5.599999999999999943e-03,1.902500000000000024e-02
4.765625000000000000e-01,7.500000000000000000e-01,2.500000000000000120e-05,1.977500000000000091e-02
5.000000000000000000e-01,6.953125000000000000e-01,2.500000000000000120e-05,1.864999999999999991e-02
3.515625000000000000e-01,7.500000000000000000e-01,1.110000000000000049e-02,1.149999999999999981e-03
2.578125000000000000e-01,6.718750000000000000e-01,5.000000000000000240e-05,1.374999999999999920e-03
3.281250000000000000e-01,6.953125000000000000e-01,5.850000000000000165e-03,6.499999999999999702e-04
2.343750000000000000e-01,6.171875000000000000e-01,1.499999999999999869e-04,5.999999999999999474e-04
3.515625000000000000e-01,7.812500000000000000e-01,2.200000000000000133e-03,1.299999999999999940e-02
2.578125000000000000e-01,6.562500000000000000e-01,1.749999999999999982e-04,1.524999999999999967e-02
5.156250000000000000e-01,6.796875000000000000e-01,5.024999999999999953e-03,3.174999999999999871e-03
4.765625000000000000e-01,6.250000000000000000e-01,7.499999999999999343e-05,3.374999999999999962e-03
4.453125000000000000e-01,6.796875000000000000e-01,7.499999999999999343e-05,3.449999999999999942e-03
4.218750000000000000e-01,6.250000000000000000e-01,5.049999999999999802e-03,8.499999999999999526e-04
4.453125000000000000e-01,5.468750000000000000e-01,7.499999999999999343e-05,6.750000000000000357e-04
4.765625000000000000e-01,3.515625000000000000e-01,4.749999999999999990e-04,6.750000000000000357e-04
4.765625000000000000e-01,5.468750000000000000e-01,1.149999999999999981e-03,1.100000000000000066e-03
4.218750000000000000e-01,4.062500000000000000e-01,5.000000000000000240e-05,6.250000000000000130e-04
4.453125000000000000e-01,6.328125000000000000e-01,1.250000000000000026e-04,6.250000000000000130e-04
5.156250000000000000e-01,6.796875000000000000e-01,1.000000000000000048e-04,1.100000000000000066e-03
3.671875000000000000e-01,7.421875000000000000e-01,5.774999999999999752e-03,1.275000000000000092e-03
5.859375000000000000e-01,6.484375000000000000e-01,0.000000000000000000e+00,1.224999999999999960e-03
5.390625000000000000e-01,6.562500000000000000e-01,5.000000000000000240e-05,1.350000000000000071e-03
6.093750000000000000e-01,7.031250000000000000e-01,7.499999999999999343e-05,1.075000000000000001e-03
5.546875000000000000e-01,6.328125000000000000e-01,5.000000000000000240e-05,8.000000000000000383e-04
2.734375000000000000e-01,5.859375000000000000e-01,5.000000000000000240e-05,5.999999999999999474e-04
5.468750000000000000e-01,6.171875000000000000e-01,6.000000000000000125e-03,1.250000000000000026e-03
4.921875000000000000e-01,6.250000000000000000e-01,1.000000000000000048e-04,8.999999999999999754e-04
4.609375000000000000e-01,6.484375000000000000e-01,2.249999999999999938e-04,5.749999999999999903e-04
3.671875000000000000e-01,6.015625000000000000e-01,2.500000000000000120e-05,7.249999999999999500e-04
5.156250000000000000e-01,5.625000000000000000e-01,2.500000000000000120e-05,6.250000000000000130e-04
5.390625000000000000e-01,5.234375000000000000e-01,1.000000000000000048e-04,5.999999999999999474e-04
5.546875000000000000e-01,7.578125000000000000e-01,1.600000000000000077e-03,1.467500000000000054e-02
4.921875000000000000e-01,6.640625000000000000e-01,1.000000000000000048e-04,1.312499999999999951e-02
5.390625000000000000e-01,6.250000000000000000e-01,5.000000000000000240e-05,1.187500000000000014e-02
5.156250000000000000e-01,6.718750000000000000e-01,5.000000000000000240e-05,1.227499999999999945e-02
3.671875000000000000e-01,7.187500000000000000e-01,1.250000000000000026e-04,1.100000000000000066e-03
4.609375000000000000e-01,7.421875000000000000e-01,1.000000000000000048e-04,9.499999999999999981e-04
4.609375000000000000e-01,7.421875000000000000e-01,4.749999999999999882e-03,8.499999999999999526e-04
3.671875000000000000e-01,6.875000000000000000e-01,1.000000000000000048e-04,6.999999999999999929e-04
4.218750000000000000e-01,6.406250000000000000e-01,5.275000000000000175e-03,6.499999999999999702e-04
3.281250000000000000e-01,5.156250000000000000e-01,2.249999999999999938e-04,6.999999999999999929e-04
3.671875000000000000e-01,7.578125000000000000e-01,2.050000000000000173e-03,1.075000000000000001e-03
4.609375000000000000e-01,6.953125000000000000e-01,5.000000000000000240e-05,6.499999999999999702e-04
5.546875000000000000e-01,6.796875000000000000e-01,5.150000000000000064e-03,3.950000000000000386e-03
5.234375000000000000e-01,6.718750000000000000e-01,1.000000000000000048e-04,3.775000000000000144e-03
3.125000000000000000e-01,6.875000000000000000e-01,2.500000000000000120e-05,9.749999999999999552e-04
5.000000000000000000e-01,6.796875000000000000e-01,5.000000000000000240e-05,3.650000000000000033e-03
4.062500000000000000e-01,6.093750000000000000e-01,2.500000000000000120e-05,6.250000000000000130e-04
5.156250000000000000e-01,8.593750000000000000e-02,1.425000000000000051e-03,1.874999999999999931e-03
3.671875000000000000e-01,6.562500000000000000e-01,3.625000000000000184e-03,5.999999999999999474e-04
2.734375000000000000e-01,6.250000000000000000e-01,5.000000000000000240e-05,7.749999999999999728e-04
4.609375000000000000e-01,6.875000000000000000e-01,0.000000000000000000e+00,1.149999999999999981e-03
5.234375000000000000e-01,6.015625000000000000e-01,5.000000000000000240e-05,9.499999999999999981e-04
5.000000000000000000e-01,5.703125000000000000e-01,1.250000000000000026e-04,6.499999999999999702e-04
5.156250000000000000e-01,3.671875000000000000e-01,4.249999999999999763e-04,6.250000000000000130e-04
5.234375000000000000e-01,6.093750000000000000e-01,1.425000000000000051e-03,1.100000000000000066e-03
5.546875000000000000e-01,7.109375000000000000e-01,1.000000000000000048e-04,1.299999999999999940e-03
5.000000000000000000e-01,5.703125000000000000e-01,7.499999999999999343e-05,5.249999999999999676e-04
4.062500000000000000e-01,7.265625000000000000e-01,1.250000000000000026e-04,5.249999999999999676e-04
3.125000000000000000e-01,7.421875000000000000e-01,5.000000000000000240e-05,9.749999999999999552e-04
5.312500000000000000e-01,2.890625000000000000e-01,3.799999999999999992e-03,1.049999999999999935e-03
3.125000000000000000e-01,2.109375000000000000e-01,1.499999999999999869e-04,1.600000000000000077e-03
3.515625000000000000e-01,7.656250000000000000e-01,2.125000000000000153e-03,9.749999999999999552e-04
5.937500000000000000e-01,7.812500000000000000e-01,0.000000000000000000e+00,1.277499999999999990e-02
5.234375000000000000e-01,7.656250000000000000e-01,7.499999999999999343e-05,1.287499999999999929e-02
5.703125000000000000e-01,7.265625000000000000e-01,0.000000000000000000e+00,1.285000000000000031e-02
2.578125000000000000e-01,7.343750000000000000e-01,2.500000000000000120e-05,7.500000000000000156e-04
5.390625000000000000e-01,7.109375000000000000e-01,7.499999999999999343e-05,1.212500000000000036e-02
3.125000000000000000e-01,5.000000000000000000e-01,6.049999999999999822e-03,1.049999999999999935e-03
2.187500000000000000e-01,6.796875000000000000e-01,2.249999999999999938e-04,6.499999999999999702e-04
3.515625000000000000e-01,7.812500000000000000e-01,2.475000000000000203e-03,1.002499999999999919e-02
2.578125000000000000e-01,7.109375000000000000e-01,1.250000000000000026e-04,9.974999999999999492e-03
5.625000000000000000e-01,5.781250000000000000e-01,8.699999999999999400e-03,5.249999999999999676e-04
5.000000000000000000e-01,6.250000000000000000e-01,1.499999999999999869e-04,1.000000000000000021e-03
5.390625000000000000e-01,5.781250000000000000e-01,0.000000000000000000e+00,1.199999999999999895e-03
5.234375000000000000e-01,5.703125000000000000e-01,1.000000000000000048e-04,7.749999999999999728e-04
5.390625000000000000e-01,4.921875000000000000e-01,1.925000000000000062e-03,4.400000000000000265e-03
5.703125000000000000e-01,7.343750000000000000e-01,0.000000000000000000e+00,3.700000000000000164e-03
5.000000000000000000e-01,5.781250000000000000e-01,2.500000000000000120e-05,3.824999999999999841e-03
5.234375000000000000e-01,5.468750000000000000e-01,1.250000000000000026e-04,4.100000000000000346e-03
3.515625000000000000e-01,7.187500000000000000e-01,1.250000000000000026e-04,1.007500000000000062e-02
2.578125000000000000e-01,6.171875000000000000e-01,7.499999999999999343e-05,9.700000000000000289e-03
5.703125000000000000e-01,7.265625000000000000e-01,5.049999999999999802e-03,2.874999999999999951e-03
5.000000000000000000e-01,6.796875000000000000e-01,5.000000000000000240e-05,2.850000000000000103e-03
5.390625000000000000e-01,4.921875000000000000e-01,5.000000000000000240e-05,2.324999999999999810e-03
5.234375000000000000e-01,5.625000000000000000e-01,1.000000000000000048e-04,2.275000000000000112e-03
5.781250000000000000e-01,6.093750000000000000e-01,4.525000000000000376e-03,5.249999999999999676e-04
5.390625000000000000e-01,6.328125000000000000e-01,5.000000000000000240e-05,1.100000000000000066e-03
5.234375000000000000e-01,5.625000000000000000e-01,1.749999999999999982e-04,6.750000000000000357e-04
5.000000000000000000e-01,6.484375000000000000e-01,5.000000000000000240e-05,4.749999999999999990e-04
5.937500000000000000e-01,7.656250000000000000e-01,1.724999999999999971e-03,1.425000000000000051e-03
5.000000000000000000e-01,6.640625000000000000e-01,1.000000000000000048e-04,6.999999999999999929e-04
3.515625000000000000e-01,7.812500000000000000e-01,1.499999999999999869e-04,1.250000000000000026e-03
2.578125000000000000e-01,7.265625000000000000e-01,1.250000000000000026e-04,8.249999999999999955e-04
5.234375000000000000e-01,5.000000000000000000e-01,5.000000000000000240e-05,6.250000000000000130e-04
5.390625000000000000e-01,3.203125000000000000e-01,0.000000000000000000e+00,4.749999999999999990e-04
6.093750000000000000e-01,7.734375000000000000e-01,5.425000000000000135e-03,4.024999999999999932e-03
5.781250000000000000e-01,7.031250000000000000e-01,2.500000000000000120e-05,3.975000000000000235e-03
5.156250000000000000e-01,7.500000000000000000e-01,2.500000000000000120e-05,3.425000000000000093e-03
3.906250000000000000e-01,6.171875000000000000e-01,5.000000000000000240e-05,6.999999999999999929e-04
2.968750000000000000e-01,6.484375000000000000e-01,2.500000000000000120e-05,8.750000000000000182e-04
2.578125000000000000e-01,6.171875000000000000e-01,5.349999999999999721e-03,5.500000000000000331e-04
3.515625000000000000e-01,6.875000000000000000e-01,0.000000000000000000e+00,6.750000000000000357e-04
5.156250000000000000e-01,7.265625000000000000e-01,2.750000000000000166e-04,9.749999999999999552e-04
6.093750000000000000e-01,6.718750000000000000e-01,0.000000000000000000e+00,8.750000000000000182e-04
5.781250000000000000e-01,6.796875000000000000e-01,5.000000000000000240e-05,9.499999999999999981e-04
6.093750000000000000e-01,6.640625000000000000e-01,1.624999999999999925e-03,1.500000000000000031e-03
5.156250000000000000e-01,7.187500000000000000e-01,1.749999999999999982e-04,1.374999999999999920e-03
5.781250000000000000e-01,6.171875000000000000e-01,1.000000000000000048e-04,5.249999999999999676e-04
3.906250000000000000e-01,7.265625000000000000e-01,1.250000000000000026e-04,5.500000000000000331e-04
2.968750000000000000e-01,7.031250000000000000e-01,2.500000000000000120e-05,9.499999999999999981e-04
2.500000000000000000e-01,1.484375000000000000e-01,4.425000000000000114e-03,1.399999999999999986e-03
2.968750000000000000e-01,7.343750000000000000e-01,1.975000000000000193e-03,1.075000000000000001e-03
2.031250000000000000e-01,6.875000000000000000e-01,2.500000000000000120e-05,5.999999999999999474e-04
4.843750000000000000e-01,8.359375000000000000e-01,5.000000000000000240e-05,1.825000000000000016e-03
3.906250000000000000e-01,7.734375000000000000e-01,7.499999999999999343e-05,1.075000000000000001e-03
3.437500000000000000e-01,5.859375000000000000e-01,5.774999999999999752e-03,1.874999999999999931e-03
4.375000000000000000e-01,6.718750000000000000e-01,2.999999999999999737e-04,5.249999999999999676e-04
5.312500000000000000e-01,6.718750000000000000e-01,0.000000000000000000e+00,1.124999999999999915e-03
3.515625000000000000e-01,6.718750000000000000e-01,1.874999999999999931e-03,1.399999999999999986e-03
4.453125000000000000e-01,7.890625000000000000e-01,1.250000000000000026e-04,3.324999999999999831e-03
5.390625000000000000e-01,7.421875000000000000e-01,2.500000000000000120e-05,3.299999999999999982e-03
4.453125000000000000e-01,7.421875000000000000e-01,5.374999999999999570e-03,1.299999999999999940e-03
3.515625000000000000e-01,6.484375000000000000e-01,2.500000000000000120e-05,3.150000000000000022e-03
5.390625000000000000e-01,7.734375000000000000e-01,2.500000000000000120e-05,1.549999999999999946e-03
3.828125000000000000e-01,5.859375000000000000e-01,5.000000000000000104e-03,1.224999999999999960e-03
4.765625000000000000e-01,7.421875000000000000e-01,7.499999999999999343e-05,4.749999999999999990e-04
5.703125000000000000e-01,6.484375000000000000e-01,7.499999999999999343e-05,6.750000000000000357e-04
3.906250000000000000e-01,7.109375000000000000e-01,1.675000000000000057e-03,1.075000000000000001e-03
5.781250000000000000e-01,7.265625000000000000e-01,0.000000000000000000e+00,1.075000000000000001e-03
4.843750000000000000e-01,6.171875000000000000e-01,1.749999999999999982e-04,6.750000000000000357e-04
4.687500000000000000e-01,5.546875000000000000e-01,1.250000000000000026e-04,4.249999999999999763e-04
5.625000000000000000e-01,5.546875000000000000e-01,5.000000000000000240e-05,4.499999999999999877e-04
2.890625000000000000e-01,2.343750000000000000e-02,4.924999999999999691e-03,5.749999999999999903e-04
3.671875000000000000e-01,6.015625000000000000e-01,2.249999999999999938e-04,1.075000000000000001e-03
6.093750000000000000e-01,7.812500000000000000e-01,0.000000000000000000e+00,3.924999999999999670e-03
5.546875000000000000e-01,5.859375000000000000e-01,2.249999999999999938e-04,4.224999999999999589e-03
5.390625000000000000e-01,7.421875000000000000e-01,1.250000000000000026e-04,3.225000000000000002e-03
2.734375000000000000e-01,7.343750000000000000e-01,2.500000000000000120e-05,8.499999999999999526e-04
5.859375000000000000e-01,7.265625000000000000e-01,1.000000000000000048e-04,4.000000000000000083e-03
3.281250000000000000e-01,7.500000000000000000e-01,4.975000000000000255e-03,7.500000000000000156e-04
2.343750000000000000e-01,5.546875000000000000e-01,2.249999999999999938e-04,8.499999999999999526e-04
5.859375000000000000e-01,6.718750000000000000e-01,1.499999999999999869e-04,9.499999999999999981e-04
5.390625000000000000e-01,6.953125000000000000e-01,2.500000000000000120e-05,8.249999999999999955e-04
5.546875000000000000e-01,5.859375000000000000e-01,5.000000000000000240e-05,8.249999999999999955e-04
6.093750000000000000e-01,6.250000000000000000e-01,1.499999999999999869e-04,5.749999999999999903e-04
5.859375000000000000e-01,7.109375000000000000e-01,1.525000000000000097e-03,1.275000000000000092e-03
3.671875000000000000e-01,7.734375000000000000e-01,1.000000000000000048e-04,8.249999999999999955e-04
2.734375000000000000e-01,6.640625000000000000e-01,7.499999999999999343e-05,8.750000000000000182e-04
6.093750000000000000e-01,7.343750000000000000e-01,0.000000000000000000e+00,8.750000000000000182e-04
5.390625000000000000e-01,6.718750000000000000e-01,2.500000000000000120e-05,1.049999999999999935e-03
5.546875000000000000e-01,5.703125000000000000e-01,7.499999999999999343e-05,6.499999999999999702e-04
1.796875000000000000e-01,6.406250000000000000e-01,6.074999999999999671e-03,8.249999999999999955e-04
2.734375000000000000e-01,7.890625000000000000e-01,0.000000000000000000e+00,9.749999999999999552e-04
4.609375000000000000e-01,7.343750000000000000e-01,2.500000000000000120e-05,1.175000000000000046e-03
3.671875000000000000e-01,7.656250000000000000e-01,5.000000000000000240e-05,1.075000000000000001e-03
3.203125000000000000e-01,5.546875000000000000e-01,5.899999999999999863e-03,1.874999999999999931e-03
4.140625000000000000e-01,6.640625000000000000e-01,7.499999999999999343e-05,6.250000000000000130e-04
5.078125000000000000e-01,5.625000000000000000e-01,7.499999999999999343e-05,5.249999999999999676e-04
3.281250000000000000e-01,7.109375000000000000e-01,1.575000000000000011e-03,1.275000000000000092e-03
5.156250000000000000e-01,7.578125000000000000e-01,2.000000000000000096e-04,2.899999999999999800e-03
4.218750000000000000e-01,7.265625000000000000e-01,2.500000000000000120e-05,2.425000000000000072e-03
5.156250000000000000e-01,7.265625000000000000e-01,4.924999999999999691e-03,2.949999999999999931e-03
3.281250000000000000e-01,6.875000000000000000e-01,1.000000000000000048e-04,1.899999999999999996e-03
4.218750000000000000e-01,7.031250000000000000e-01,0.000000000000000000e+00,2.024999999999999890e-03
3.437500000000000000e-01,6.406250000000000000e-01,4.375000000000000416e-03,1.624999999999999925e-03
4.375000000000000000e-01,6.796875000000000000e-01,1.000000000000000048e-04,1.000000000000000021e-03
5.312500000000000000e-01,5.390625000000000000e-01,1.000000000000000048e-04,6.250000000000000130e-04
5.390625000000000000e-01,7.734375000000000000e-01,1.575000000000000011e-03,3.599999999999999901e-03
4.453125000000000000e-01,7.343750000000000000e-01,7.499999999999999343e-05,2.949999999999999931e-03
3.515625000000000000e-01,7.109375000000000000e-01,3.499999999999999964e-04,1.750000000000000036e-03
4.765625000000000000e-01,1.093750000000000000e-01,1.199999999999999895e-03,1.899999999999999996e-03
3.125000000000000000e-01,6.328125000000000000e-01,3.449999999999999942e-03,9.499999999999999981e-04
4.062500000000000000e-01,7.265625000000000000e-01,2.500000000000000120e-05,1.224999999999999960e-03
4.453125000000000000e-01,7.031250000000000000e-01,1.000000000000000048e-04,1.100000000000000066e-03
4.765625000000000000e-01,6.406250000000000000e-01,1.250000000000000026e-04,7.500000000000000156e-04
5.000000000000000000e-01,6.093750000000000000e-01,0.000000000000000000e+00,9.250000000000000409e-04
5.390625000000000000e-01,6.562500000000000000e-01,0.000000000000000000e+00,1.299999999999999940e-03
4.062500000000000000e-01,6.015625000000000000e-01,5.250000000000000326e-03,2.700000000000000143e-03
5.000000000000000000e-01,5.546875000000000000e-01,5.000000000000000104e-04,6.250000000000000130e-04
5.703125000000000000e-01,5.703125000000000000e-01,5.000000000000000240e-05,5.999999999999999474e-04
4.453125000000000000e-01,5.000000000000000000e-01,1.749999999999999982e-04,8.000000000000000383e-04
5.390625000000000000e-01,5.234375000000000000e-01,5.000000000000000240e-05,5.500000000000000331e-04
4.765625000000000000e-01,5.312500000000000000e-01,2.500000000000000120e-05,5.999999999999999474e-04
5.937500000000000000e-01,7.343750000000000000e-01,1.474999999999999966e-03,1.075000000000000001e-03
5.000000000000000000e-01,7.031250000000000000e-01,5.000000000000000240e-05,5.749999999999999903e-04
4.765625000000000000e-01,7.031250000000000000e-01,7.499999999999999343e-05,1.049999999999999935e-03
5.390625000000000000e-01,6.718750000000000000e-01,2.500000000000000120e-05,5.000000000000000104e-04
5.703125000000000000e-01,6.953125000000000000e-01,5.000000000000000240e-05,1.124999999999999915e-03
6.328125000000000000e-01,7.578125000000000000e-01,5.725000000000000054e-03,4.425000000000000114e-03
6.640625000000000000e-01,7.968750000000000000e-01,0.000000000000000000e+00,3.575000000000000053e-03
4.062500000000000000e-01,7.421875000000000000e-01,7.499999999999999343e-05,1.149999999999999981e-03
3.125000000000000000e-01,7.109375000000000000e-01,2.500000000000000120e-05,6.750000000000000357e-04
5.937500000000000000e-01,7.265625000000000000e-01,1.749999999999999982e-04,2.925000000000000083e-03
3.671875000000000000e-01,2.265625000000000000e-01,6.499999999999999702e-04,2.500000000000000120e-05
5.703125000000000000e-01,4.921875000000000000e-01,5.125000000000000215e-03,5.249999999999999676e-04
5.937500000000000000e-01,4.062500000000000000e-01,1.749999999999999982e-04,6.750000000000000357e-04
5.390625000000000000e-01,5.781250000000000000e-01,8.750000000000000182e-04,5.749999999999999903e-04
5.000000000000000000e-01,6.171875000000000000e-01,2.000000000000000096e-04,9.749999999999999552e-04
5.937500000000000000e-01,5.312500000000000000e-01,2.500000000000000120e-05,1.049999999999999935e-03
5.703125000000000000e-01,6.875000000000000000e-01,7.499999999999999343e-05,1.449999999999999900e-03
6.250000000000000000e-01,7.421875000000000000e-01,5.425000000000000135e-03,3.650000000000000033e-03
5.937500000000000000e-01,6.953125000000000000e-01,7.499999999999999343e-05,5.725000000000000054e-03
5.546875000000000000e-01,6.796875000000000000e-01,1.749999999999999982e-04,3.324999999999999831e-03
3.125000000000000000e-01,7.031250000000000000e-01,2.500000000000000120e-05,6.499999999999999702e-04
4.062500000000000000e-01,7.890625000000000000e-01,2.500000000000000120e-05,1.100000000000000066e-03
5.312500000000000000e-01,6.171875000000000000e-01,5.374999999999999570e-03,6.250000000000000130e-04
5.546875000000000000e-01,5.156250000000000000e-01,7.499999999999999343e-05,6.750000000000000357e-04
5.000000000000000000e-01,6.406250000000000000e-01,1.549999999999999946e-03,5.500000000000000331e-04
5.312500000000000000e-01,6.484375000000000000e-01,2.500000000000000120e-05,1.775000000000000102e-03
4.609375000000000000e-01,6.406250000000000000e-01,7.499999999999999343e-05,1.000000000000000021e-03
5.546875000000000000e-01,6.718750000000000000e-01,1.250000000000000026e-04,8.249999999999999955e-04
4.531250000000000000e-01,1.015625000000000000e-01,9.499999999999999981e-04,2.500000000000000120e-05
3.593750000000000000e-01,3.125000000000000000e-01,4.275000000000000154e-03,6.750000000000000357e-04
6.328125000000000000e-01,7.968750000000000000e-01,1.000000000000000048e-04,4.899999999999999842e-03
5.703125000000000000e-01,7.109375000000000000e-01,1.749999999999999982e-04,2.925000000000000083e-03
5.937500000000000000e-01,6.484375000000000000e-01,0.000000000000000000e+00,4.024999999999999932e-03
3.125000000000000000e-01,5.859375000000000000e-01,5.000000000000000240e-05,8.499999999999999526e-04
3.906250000000000000e-01,6.093750000000000000e-01,0.000000000000000000e+00,7.500000000000000156e-04
2.968750000000000000e-01,4.140625000000000000e-01,4.249999999999999763e-04,2.500000000000000120e-05
5.390625000000000000e-01,5.859375000000000000e-01,4.324999999999999852e-03,8.000000000000000383e-04
5.703125000000000000e-01,6.093750000000000000e-01,2.000000000000000096e-04,6.750000000000000357e-04
4.765625000000000000e-01,5.703125000000000000e-01,1.374999999999999920e-03,1.000000000000000021e-03
5.000000000000000000e-01,5.312500000000000000e-01,0.000000000000000000e+00,6.250000000000000130e-04
5.703125000000000000e-01,6.093750000000000000e-01,2.249999999999999938e-04,1.075000000000000001e-03
5.390625000000000000e-01,6.250000000000000000e-01,2.500000000000000120e-05,1.175000000000000046e-03
3.125000000000000000e-01,6.484375000000000000e-01,5.374999999999999570e-03,5.999999999999999474e-04
4.062500000000000000e-01,7.421875000000000000e-01,5.000000000000000240e-05,1.049999999999999935e-03
6.093750000000000000e-01,7.109375000000000000e-01,5.000000000000000240e-05,3.650000000000000033e-03
5.781250000000000000e-01,6.718750000000000000e-01,1.000000000000000048e-04,4.950000000000000407e-03
5.156250000000000000e-01,6.015625000000000000e-01,4.774999999999999731e-03,5.500000000000000331e-04
5.390625000000000000e-01,5.312500000000000000e-01,3.249999999999999851e-04,6.250000000000000130e-04
4.453125000000000000e-01,6.250000000000000000e-01,7.749999999999999728e-04,1.075000000000000001e-03
4.843750000000000000e-01,6.093750000000000000e-01,5.000000000000000240e-05,7.749999999999999728e-04
5.156250000000000000e-01,7.187500000000000000e-01,6.999999999999999929e-04,2.050000000000000173e-03
5.390625000000000000e-01,6.015625000000000000e-01,3.750000000000000078e-04,1.399999999999999986e-03
5.859375000000000000e-01,2.812500000000000000e-01,1.850000000000000082e-03,1.175000000000000046e-03
4.062500000000000000e-01,7.656250000000000000e-01,3.200000000000000153e-03,1.124999999999999915e-03
3.125000000000000000e-01,7.031250000000000000e-01,2.500000000000000120e-05,6.250000000000000130e-04
5.781250000000000000e-01,6.484375000000000000e-01,1.000000000000000048e-04,2.650000000000000012e-03
5.937500000000000000e-01,7.109375000000000000e-01,0.000000000000000000e+00,3.024999999999999911e-03
5.312500000000000000e-01,6.640625000000000000e-01,5.000000000000000240e-05,2.000000000000000042e-03
5.000000000000000000e-01,5.781250000000000000e-01,4.825000000000000296e-03,5.749999999999999903e-04
4.843750000000000000e-01,6.406250000000000000e-01,1.000000000000000048e-04,5.500000000000000331e-04
4.375000000000000000e-01,5.390625000000000000e-01,8.750000000000000182e-04,1.075000000000000001e-03
4.609375000000000000e-01,5.625000000000000000e-01,2.249999999999999938e-04,5.749999999999999903e-04
5.000000000000000000e-01,7.500000000000000000e-01,5.000000000000000104e-04,2.524999999999999901e-03
4.843750000000000000e-01,7.656250000000000000e-01,5.000000000000000240e-05,2.275000000000000112e-03
4.062500000000000000e-01,7.265625000000000000e-01,4.825000000000000296e-03,1.124999999999999915e-03
5.937500000000000000e-01,6.796875000000000000e-01,0.000000000000000000e+00,2.799999999999999972e-03
3.125000000000000000e-01,7.109375000000000000e-01,7.499999999999999343e-05,5.999999999999999474e-04
5.703125000000000000e-01,6.562500000000000000e-01,5.000000000000000240e-05,2.925000000000000083e-03
5.390625000000000000e-01,6.484375000000000000e-01,1.250000000000000026e-04,1.949999999999999910e-03
5.312500000000000000e-01,2.500000000000000000e-01,6.750000000000000357e-04,5.000000000000000104e-04
4.453125000000000000e-01,6.171875000000000000e-01,4.199999999999999740e-03,9.749999999999999552e-04
5.390625000000000000e-01,6.562500000000000000e-01,5.000000000000000240e-05,1.025000000000000086e-03
5.000000000000000000e-01,5.937500000000000000e-01,1.499999999999999869e-04,5.749999999999999903e-04
4.062500000000000000e-01,2.187500000000000000e-01,6.750000000000000357e-04,1.000000000000000021e-03
4.062500000000000000e-01,3.515625000000000000e-01,1.000000000000000021e-03,9.250000000000000409e-04
5.390625000000000000e-01,5.703125000000000000e-01,1.250000000000000026e-04,2.650000000000000012e-03
4.609375000000000000e-01,6.562500000000000000e-01,5.000000000000000240e-05,7.749999999999999728e-04
5.546875000000000000e-01,6.562500000000000000e-01,7.499999999999999343e-05,2.874999999999999951e-03
5.000000000000000000e-01,7.031250000000000000e-01,7.499999999999999343e-05,2.150000000000000001e-03
4.765625000000000000e-01,6.328125000000000000e-01,4.000000000000000083e-03,1.350000000000000071e-03
5.703125000000000000e-01,6.562500000000000000e-01,7.499999999999999343e-05,2.174999999999999850e-03
4.062500000000000000e-01,5.468750000000000000e-01,2.500000000000000120e-05,4.749999999999999990e-04
5.000000000000000000e-01,6.484375000000000000e-01,1.000000000000000048e-04,1.750000000000000036e-03
5.390625000000000000e-01,5.546875000000000000e-01,2.000000000000000096e-04,1.675000000000000057e-03
4.062500000000000000e-01,5.078125000000000000e-01,2.949999999999999931e-03,1.049999999999999935e-03
5.000000000000000000e-01,5.468750000000000000e-01,2.249999999999999938e-04,8.750000000000000182e-04
4.843750000000000000e-01,5.703125000000000000e-01,7.499999999999999343e-05,6.750000000000000357e-04
5.781250000000000000e-01,6.484375000000000000e-01,5.000000000000000240e-05,1.399999999999999986e-03
5.390625000000000000e-01,4.843750000000000000e-01,2.000000000000000096e-04,7.249999999999999500e-04
5.859375000000000000e-01,6.953125000000000000e-01,3.275000000000000133e-03,1.750000000000000036e-03
4.062500000000000000e-01,6.093750000000000000e-01,5.000000000000000240e-05,8.249999999999999955e-04
4.921875000000000000e-01,6.562500000000000000e-01,0.000000000000000000e+00,1.449999999999999900e-03
5.390625000000000000e-01,5.312500000000000000e-01,0.000000000000000000e+00,1.600000000000000077e-03
5.703125000000000000e-01,5.937500000000000000e-01,1.499999999999999869e-04,1.224999999999999960e-03
5.937500000000000000e-01,6.328125000000000000e-01,3.650000000000000033e-03,1.899999999999999996e-03
5.000000000000000000e-01,6.718750000000000000e-01,1.000000000000000048e-04,1.250000000000000026e-03
4.062500000000000000e-01,5.781250000000000000e-01,5.000000000000000240e-05,1.075000000000000001e-03
5.703125000000000000e-01,5.703125000000000000e-01,2.500000000000000120e-05,1.474999999999999966e-03
5.390625000000000000e-01,6.093750000000000000e-01,7.499999999999999343e-05,1.325000000000000006e-03
4.140625000000000000e-01,3.828125000000000000e-01,5.749999999999999903e-04,8.999999999999999754e-04
6.093750000000000000e-01,6.875000000000000000e-01,2.899999999999999800e-03,2.099999999999999870e-03
5.000000000000000000e-01,6.562500000000000000e-01,2.500000000000000120e-05,1.250000000000000026e-03
4.062500000000000000e-01,6.015625000000000000e-01,1.499999999999999869e-04,6.999999999999999929e-04
5.390625000000000000e-01,6.171875000000000000e-01,0.000000000000000000e+00,1.224999999999999960e-03
5.703125000000000000e-01,5.937500000000000000e-01,1.250000000000000026e-04,1.350000000000000071e-03
5.937500000000000000e-01,5.156250000000000000e-01,3.750000000000000078e-04,1.199999999999999895e-03
4.062500000000000000e-01,6.640625000000000000e-01,2.724999999999999992e-03,7.749999999999999728e-04
5.000000000000000000e-01,5.859375000000000000e-01,1.499999999999999869e-04,4.749999999999999990e-04
5.390625000000000000e-01,6.562500000000000000e-01,7.499999999999999343e-05,1.399999999999999986e-03
6.250000000000000000e-01,6.796875000000000000e-01,0.000000000000000000e+00,2.850000000000000103e-03
5.937500000000000000e-01,5.078125000000000000e-01,2.249999999999999938e-04,6.999999999999999929e-04
5.703125000000000000e-01,4.531250000000000000e-01,3.750000000000000078e-04,5.999999999999999474e-04
4.062500000000000000e-01,7.812500000000000000e-01,4.675000000000000336e-03,1.049999999999999935e-03
6.093750000000000000e-01,7.421875000000000000e-01,0.000000000000000000e+00,1.640000000000000138e-02
3.125000000000000000e-01,7.031250000000000000e-01,1.000000000000000048e-04,5.749999999999999903e-04
6.328125000000000000e-01,8.046875000000000000e-01,0.000000000000000000e+00,1.542499999999999948e-02
5.390625000000000000e-01,7.421875000000000000e-01,5.000000000000000240e-05,1.644999999999999934e-02
5.859375000000000000e-01,8.046875000000000000e-01,0.000000000000000000e+00,1.545000000000000019e-02
4.453125000000000000e-01,6.250000000000000000e-01,6.550000000000000266e-03,5.749999999999999903e-04
4.062500000000000000e-01,4.218750000000000000e-01,4.249999999999999763e-04,4.499999999999999877e-04
4.609375000000000000e-01,6.875000000000000000e-01,1.350000000000000071e-03,1.325000000000000006e-03
4.453125000000000000e-01,6.562500000000000000e-01,1.000000000000000048e-04,1.374999999999999920e-03
4.062500000000000000e-01,6.484375000000000000e-01,1.000000000000000048e-04,1.175000000000000046e-03
4.687500000000000000e-01,5.937500000000000000e-01,3.725000000000000012e-03,1.075000000000000001e-03
4.062500000000000000e-01,5.390625000000000000e-01,2.500000000000000120e-05,1.049999999999999935e-03
4.453125000000000000e-01,4.921875000000000000e-01,3.249999999999999851e-04,1.275000000000000092e-03
4.453125000000000000e-01,4.375000000000000000e-01,2.975000000000000214e-03,1.975000000000000193e-03
4.765625000000000000e-01,6.953125000000000000e-01,1.000000000000000048e-04,1.449999999999999900e-03
4.062500000000000000e-01,5.546875000000000000e-01,7.499999999999999343e-05,6.250000000000000130e-04
4.062500000000000000e-01,5.390625000000000000e-01,3.200000000000000153e-03,1.224999999999999960e-03
4.843750000000000000e-01,6.796875000000000000e-01,2.500000000000000120e-05,1.175000000000000046e-03
4.453125000000000000e-01,4.453125000000000000e-01,5.000000000000000240e-05,1.799999999999999951e-03
4.921875000000000000e-01,7.031250000000000000e-01,3.075000000000000042e-03,1.799999999999999951e-03
5.859375000000000000e-01,6.875000000000000000e-01,5.000000000000000240e-05,2.475000000000000203e-03
4.453125000000000000e-01,5.312500000000000000e-01,2.500000000000000120e-05,1.850000000000000082e-03
5.390625000000000000e-01,5.468750000000000000e-01,7.499999999999999343e-05,2.174999999999999850e-03
5.625000000000000000e-01,5.781250000000000000e-01,5.000000000000000240e-05,2.249999999999999830e-03
4.687500000000000000e-01,6.171875000000000000e-01,2.500000000000000120e-05,1.224999999999999960e-03
4.062500000000000000e-01,5.859375000000000000e-01,1.499999999999999869e-04,8.999999999999999754e-04
4.453125000000000000e-01,5.703125000000000000e-01,3.225000000000000002e-03,1.374999999999999920e-03
4.062500000000000000e-01,5.781250000000000000e-01,7.499999999999999343e-05,1.075000000000000001e-03
4.687500000000000000e-01,5.937500000000000000e-01,1.749999999999999982e-04,8.000000000000000383e-04
5.859375000000000000e-01,6.250000000000000000e-01,0.000000000000000000e+00,1.350000000000000071e-03
5.000000000000000000e-01,6.640625000000000000e-01,5.000000000000000240e-05,1.149999999999999981e-03
5.390625000000000000e-01,5.312500000000000000e-01,1.499999999999999869e-04,1.850000000000000082e-03
5.625000000000000000e-01,5.234375000000000000e-01,0.000000000000000000e+00,1.600000000000000077e-03
4.062500000000000000e-01,6.093750000000000000e-01,2.399999999999999790e-03,7.749999999999999728e-04
4.453125000000000000e-01,4.921875000000000000e-01,5.000000000000000240e-05,7.249999999999999500e-04
4.687500000000000000e-01,4.921875000000000000e-01,0.000000000000000000e+00,6.750000000000000357e-04
5.625000000000000000e-01,4.921875000000000000e-01,5.000000000000000104e-04,1.100000000000000066e-03
5.156250000000000000e-01,6.718750000000000000e-01,5.000000000000000240e-05,1.199999999999999895e-03
5.859375000000000000e-01,6.406250000000000000e-01,2.500000000000000120e-05,1.350000000000000071e-03
5.390625000000000000e-01,4.375000000000000000e-01,2.500000000000000052e-04,6.999999999999999929e-04
4.062500000000000000e-01,6.484375000000000000e-01,2.224999999999999981e-03,6.750000000000000357e-04
5.703125000000000000e-01,6.171875000000000000e-01,1.000000000000000048e-04,8.249999999999999955e-04
3.125000000000000000e-01,5.234375000000000000e-01,5.000000000000000240e-05,6.499999999999999702e-04
5.937500000000000000e-01,6.093750000000000000e-01,0.000000000000000000e+00,5.249999999999999676e-04
5.000000000000000000e-01,6.562500000000000000e-01,5.000000000000000240e-05,7.249999999999999500e-04
5.390625000000000000e-01,6.171875000000000000e-01,5.000000000000000240e-05,6.750000000000000357e-04
4.140625000000000000e-01,2.265625000000000000e-01,6.499999999999999702e-04,2.500000000000000120e-05
3.125000000000000000e-01,6.562500000000000000e-01,7.249999999999999500e-04,6.999999999999999929e-04
4.062500000000000000e-01,7.500000000000000000e-01,1.000000000000000048e-04,1.124999999999999915e-03
5.000000000000000000e-01,6.953125000000000000e-01,7.499999999999999343e-05,2.324999999999999810e-03
5.937500000000000000e-01,8.125000000000000000e-01,0.000000000000000000e+00,2.874999999999999951e-03
5.703125000000000000e-01,6.406250000000000000e-01,7.499999999999999343e-05,3.324999999999999831e-03
5.390625000000000000e-01,6.406250000000000000e-01,5.000000000000000240e-05,2.599999999999999881e-03
4.453125000000000000e-01,6.093750000000000000e-01,4.850000000000000144e-03,9.499999999999999981e-04
5.390625000000000000e-01,6.250000000000000000e-01,1.000000000000000048e-04,1.224999999999999960e-03
5.000000000000000000e-01,5.703125000000000000e-01,1.499999999999999869e-04,9.749999999999999552e-04
4.062500000000000000e-01,4.375000000000000000e-01,7.499999999999999343e-05,3.750000000000000078e-04
5.546875000000000000e-01,2.968750000000000000e-01,8.499999999999999526e-04,1.000000000000000021e-03
4.062500000000000000e-01,5.781250000000000000e-01,1.000000000000000021e-03,1.575000000000000011e-03
5.546875000000000000e-01,3.515625000000000000e-01,0.000000000000000000e+00,2.524999999999999901e-03
4.609375000000000000e-01,6.796875000000000000e-01,1.499999999999999869e-04,1.149999999999999981e-03
5.000000000000000000e-01,6.093750000000000000e-01,1.250000000000000026e-04,3.099999999999999891e-03
5.390625000000000000e-01,5.312500000000000000e-01,7.499999999999999343e-05,3.625000000000000184e-03
4.062500000000000000e-01,5.546875000000000000e-01,3.924999999999999670e-03,1.399999999999999986e-03
4.765625000000000000e-01,6.718750000000000000e-01,2.500000000000000120e-05,1.850000000000000082e-03
5.703125000000000000e-01,6.328125000000000000e-01,1.250000000000000026e-04,2.524999999999999901e-03
5.000000000000000000e-01,5.625000000000000000e-01,3.750000000000000078e-04,1.799999999999999951e-03
5.390625000000000000e-01,3.593750000000000000e-01,1.000000000000000048e-04,1.699999999999999905e-03
5.000000000000000000e-01,5.781250000000000000e-01,3.075000000000000042e-03,1.199999999999999895e-03
5.781250000000000000e-01,6.562500000000000000e-01,7.499999999999999343e-05,1.575000000000000011e-03
4.062500000000000000e-01,6.171875000000000000e-01,5.000000000000000240e-05,1.374999999999999920e-03
4.453125000000000000e-01,5.937500000000000000e-01,7.499999999999999343e-05,1.799999999999999951e-03
4.843750000000000000e-01,6.640625000000000000e-01,0.000000000000000000e+00,1.124999999999999915e-03
5.390625000000000000e-01,5.156250000000000000e-01,2.500000000000000120e-05,7.500000000000000156e-04
5.859375000000000000e-01,7.343750000000000000e-01,3.275000000000000133e-03,1.525000000000000097e-03
5.390625000000000000e-01,6.406250000000000000e-01,7.499999999999999343e-05,1.525000000000000097e-03
4.921875000000000000e-01,6.953125000000000000e-01,7.499999999999999343e-05,1.775000000000000102e-03
4.453125000000000000e-01,5.625000000000000000e-01,5.000000000000000240e-05,1.474999999999999966e-03
4.062500000000000000e-01,5.859375000000000000e-01,1.000000000000000048e-04,8.499999999999999526e-04
5.703125000000000000e-01,5.781250000000000000e-01,2.500000000000000120e-05,6.999999999999999929e-04
5.312500000000000000e-01,6.562500000000000000e-01,3.474999999999999790e-03,1.199999999999999895e-03
5.937500000000000000e-01,6.250000000000000000e-01,0.000000000000000000e+00,1.724999999999999971e-03
5.000000000000000000e-01,6.250000000000000000e-01,1.000000000000000048e-04,2.000000000000000042e-03
4.843750000000000000e-01,6.562500000000000000e-01,2.500000000000000120e-05,1.850000000000000082e-03
4.062500000000000000e-01,6.171875000000000000e-01,2.500000000000000120e-05,1.675000000000000057e-03
5.781250000000000000e-01,6.171875000000000000e-01,2.500000000000000120e-05,1.250000000000000026e-03
5.546875000000000000e-01,5.625000000000000000e-01,7.499999999999999343e-05,7.249999999999999500e-04
6.093750000000000000e-01,7.421875000000000000e-01,3.775000000000000144e-03,3.174999999999999871e-03
5.546875000000000000e-01,6.406250000000000000e-01,7.499999999999999343e-05,1.724999999999999971e-03
5.390625000000000000e-01,6.562500000000000000e-01,5.000000000000000240e-05,1.549999999999999946e-03
5.781250000000000000e-01,6.015625000000000000e-01,1.000000000000000048e-04,2.749999999999999840e-03
5.000000000000000000e-01,6.484375000000000000e-01,5.000000000000000240e-05,1.850000000000000082e-03
4.843750000000000000e-01,6.484375000000000000e-01,7.499999999999999343e-05,1.600000000000000077e-03
4.062500000000000000e-01,6.093750000000000000e-01,5.000000000000000240e-05,1.399999999999999986e-03
4.062500000000000000e-01,6.171875000000000000e-01,4.250000000000000305e-03,9.250000000000000409e-04
6.093750000000000000e-01,7.109375000000000000e-01,1.499999999999999869e-04,2.075000000000000022e-03
5.546875000000000000e-01,7.031250000000000000e-01,1.000000000000000048e-04,1.075000000000000001e-03
6.250000000000000000e-01,6.953125000000000000e-01,2.500000000000000120e-05,2.324999999999999810e-03
5.000000000000000000e-01,3.046875000000000000e-01,2.249999999999999938e-04,7.749999999999999728e-04
5.781250000000000000e-01,6.171875000000000000e-01,2.500000000000000120e-05,5.500000000000000331e-04
6.328125000000000000e-01,7.890625000000000000e-01,5.899999999999999863e-03,1.925000000000000062e-03
3.515625000000000000e-01,7.421875000000000000e-01,5.000000000000000240e-05,1.049999999999999935e-03
5.937500000000000000e-01,6.015625000000000000e-01,2.500000000000000120e-05,1.149999999999999981e-03
5.703125000000000000e-01,7.265625000000000000e-01,1.000000000000000048e-04,1.100000000000000066e-03
2.578125000000000000e-01,6.875000000000000000e-01,2.500000000000000120e-05,6.999999999999999929e-04
5.390625000000000000e-01,7.109375000000000000e-01,0.000000000000000000e+00,1.175000000000000046e-03
4.453125000000000000e-01,5.234375000000000000e-01,5.725000000000000054e-03,7.749999999999999728e-04
5.390625000000000000e-01,5.468750000000000000e-01,1.000000000000000048e-04,7.500000000000000156e-04
5.390625000000000000e-01,5.546875000000000000e-01,1.299999999999999940e-03,1.199999999999999895e-03
5.156250000000000000e-01,7.734375000000000000e-01,5.024999999999999953e-03,1.374999999999999920e-03
5.781250000000000000e-01,6.875000000000000000e-01,0.000000000000000000e+00,6.975000000000000297e-03
6.093750000000000000e-01,7.812500000000000000e-01,0.000000000000000000e+00,6.049999999999999822e-03
3.515625000000000000e-01,7.890625000000000000e-01,1.000000000000000048e-04,1.124999999999999915e-03
2.578125000000000000e-01,6.718750000000000000e-01,1.000000000000000048e-04,5.749999999999999903e-04
5.390625000000000000e-01,3.593750000000000000e-01,1.250000000000000026e-04,6.250000000000000130e-04
4.453125000000000000e-01,4.765625000000000000e-01,4.950000000000000407e-03,7.249999999999999500e-04
3.906250000000000000e-01,3.671875000000000000e-01,1.749999999999999982e-04,7.749999999999999728e-04
5.156250000000000000e-01,5.781250000000000000e-01,2.249999999999999938e-04,4.499999999999999877e-04
5.390625000000000000e-01,4.609375000000000000e-01,1.250000000000000026e-04,5.749999999999999903e-04
4.453125000000000000e-01,6.171875000000000000e-01,1.374999999999999920e-03,5.749999999999999903e-04
5.156250000000000000e-01,6.875000000000000000e-01,2.500000000000000120e-05,1.124999999999999915e-03
3.906250000000000000e-01,5.625000000000000000e-01,5.000000000000000240e-05,6.999999999999999929e-04
5.390625000000000000e-01,3.125000000000000000e-01,2.999999999999999737e-04,5.999999999999999474e-04
5.390625000000000000e-01,6.875000000000000000e-01,4.975000000000000255e-03,2.299999999999999961e-03
5.703125000000000000e-01,7.187500000000000000e-01,0.000000000000000000e+00,7.599999999999999985e-03
4.765625000000000000e-01,7.500000000000000000e-01,5.000000000000000240e-05,1.149999999999999981e-03
3.515625000000000000e-01,6.718750000000000000e-01,1.749999999999999982e-04,2.425000000000000072e-03
2.578125000000000000e-01,6.640625000000000000e-01,2.500000000000000120e-05,1.975000000000000193e-03
5.000000000000000000e-01,5.703125000000000000e-01,7.499999999999999343e-05,8.750000000000000182e-04
4.765625000000000000e-01,5.937500000000000000e-01,5.324999999999999872e-03,5.749999999999999903e-04
5.390625000000000000e-01,4.453125000000000000e-01,7.499999999999999343e-05,7.749999999999999728e-04
5.000000000000000000e-01,4.531250000000000000e-01,2.249999999999999938e-04,5.500000000000000331e-04
5.390625000000000000e-01,5.156250000000000000e-01,1.549999999999999946e-03,1.149999999999999981e-03
4.765625000000000000e-01,6.250000000000000000e-01,2.500000000000000120e-05,5.749999999999999903e-04
5.000000000000000000e-01,4.375000000000000000e-01,4.749999999999999990e-04,7.249999999999999500e-04
3.515625000000000000e-01,7.890625000000000000e-01,4.324999999999999852e-03,1.049999999999999935e-03
2.578125000000000000e-01,6.328125000000000000e-01,1.250000000000000026e-04,5.999999999999999474e-04
5.781250000000000000e-01,6.953125000000000000e-01,2.500000000000000120e-05,6.749999999999999924e-03
6.093750000000000000e-01,7.421875000000000000e-01,2.500000000000000120e-05,5.850000000000000165e-03
5.156250000000000000e-01,6.718750000000000000e-01,2.750000000000000166e-04,1.275000000000000092e-03
3.359375000000000000e-01,4.609375000000000000e-01,1.000000000000000048e-04,8.249999999999999955e-04
5.390625000000000000e-01,3.828125000000000000e-01,4.000000000000000192e-04,5.999999999999999474e-04
3.906250000000000000e-01,4.375000000000000000e-01,4.525000000000000376e-03,8.499999999999999526e-04
4.453125000000000000e-01,4.687500000000000000e-01,1.250000000000000026e-04,1.925000000000000062e-03
5.156250000000000000e-01,4.921875000000000000e-01,2.000000000000000096e-04,4.249999999999999763e-04
5.156250000000000000e-01,6.484375000000000000e-01,1.175000000000000046e-03,1.100000000000000066e-03
5.390625000000000000e-01,7.187500000000000000e-01,5.749999999999999903e-03,7.474999999999999874e-03
5.000000000000000000e-01,6.171875000000000000e-01,2.000000000000000096e-04,6.324999999999999893e-03
4.453125000000000000e-01,6.328125000000000000e-01,1.250000000000000026e-04,9.499999999999999981e-04
3.515625000000000000e-01,6.484375000000000000e-01,2.500000000000000120e-05,4.224999999999999589e-03
2.578125000000000000e-01,5.937500000000000000e-01,7.499999999999999343e-05,5.374999999999999570e-03
4.765625000000000000e-01,4.921875000000000000e-01,1.499999999999999869e-04,6.999999999999999929e-04
4.453125000000000000e-01,1.796875000000000000e-01,5.499999999999999681e-03,8.000000000000000383e-04
4.765625000000000000e-01,5.000000000000000000e-01,7.749999999999999728e-04,1.224999999999999960e-03
4.453125000000000000e-01,3.593750000000000000e-01,2.500000000000000120e-05,1.049999999999999935e-03
5.468750000000000000e-01,3.046875000000000000e-01,4.024999999999999932e-03,7.500000000000000156e-04
3.515625000000000000e-01,7.656250000000000000e-01,9.749999999999999552e-04,1.025000000000000086e-03
5.781250000000000000e-01,7.656250000000000000e-01,0.000000000000000000e+00,6.049999999999999822e-03
2.578125000000000000e-01,6.250000000000000000e-01,1.250000000000000026e-04,6.250000000000000130e-04
5.390625000000000000e-01,6.328125000000000000e-01,0.000000000000000000e+00,5.550000000000000246e-03
5.156250000000000000e-01,6.328125000000000000e-01,1.000000000000000048e-04,8.499999999999999526e-04
4.843750000000000000e-01,6.406250000000000000e-01,1.000000000000000048e-04,1.399999999999999986e-03
4.843750000000000000e-01,5.625000000000000000e-01,4.774999999999999731e-03,5.500000000000000331e-04
4.453125000000000000e-01,5.859375000000000000e-01,1.749999999999999982e-04,5.999999999999999474e-04
5.156250000000000000e-01,5.468750000000000000e-01,5.000000000000000240e-05,6.999999999999999929e-04
3.906250000000000000e-01,4.921875000000000000e-01,5.000000000000000240e-05,6.999999999999999929e-04
4.843750000000000000e-01,6.953125000000000000e-01,1.624999999999999925e-03,1.374999999999999920e-03
4.453125000000000000e-01,6.171875000000000000e-01,3.499999999999999964e-04,6.999999999999999929e-04
3.906250000000000000e-01,6.562500000000000000e-01,2.500000000000000120e-05,1.100000000000000066e-03
4.062500000000000000e-01,6.875000000000000000e-01,6.374999999999999591e-03,1.500000000000000031e-03
3.125000000000000000e-01,6.718750000000000000e-01,2.500000000000000120e-05,1.600000000000000077e-03
4.765625000000000000e-01,6.250000000000000000e-01,1.749999999999999982e-04,3.275000000000000133e-03
5.000000000000000000e-01,6.562500000000000000e-01,0.000000000000000000e+00,3.775000000000000144e-03
4.453125000000000000e-01,5.937500000000000000e-01,2.249999999999999938e-04,2.475000000000000203e-03
4.062500000000000000e-01,5.859375000000000000e-01,5.474999999999999832e-03,6.750000000000000357e-04
4.453125000000000000e-01,4.843750000000000000e-01,7.499999999999999343e-05,7.749999999999999728e-04
4.765625000000000000e-01,5.156250000000000000e-01,2.500000000000000120e-05,7.749999999999999728e-04
4.765625000000000000e-01,5.703125000000000000e-01,1.600000000000000077e-03,1.100000000000000066e-03
4.453125000000000000e-01,4.375000000000000000e-01,2.000000000000000096e-04,5.999999999999999474e-04
5.000000000000000000e-01,5.937500000000000000e-01,2.500000000000000120e-05,7.749999999999999728e-04
6.093750000000000000e-01,2.187500000000000000e-01,5.250000000000000326e-03,9.499999999999999981e-04
5.000000000000000000e-01,7.500000000000000000e-01,5.500000000000000331e-04,3.399999999999999811e-03
4.765625000000000000e-01,6.875000000000000000e-01,2.500000000000000120e-05,4.449999999999999963e-03
4.062500000000000000e-01,6.484375000000000000e-01,2.500000000000000120e-05,1.119999999999999989e-02
5.937500000000000000e-01,5.703125000000000000e-01,4.499999999999999877e-04,1.525000000000000097e-03
6.093750000000000000e-01,5.859375000000000000e-01,1.575000000000000011e-03,1.325000000000000006e-03
5.937500000000000000e-01,5.312500000000000000e-01,1.325000000000000006e-03,1.374999999999999920e-03
6.093750000000000000e-01,5.546875000000000000e-01,1.325000000000000006e-03,1.224999999999999960e-03
4.921875000000000000e-01,6.406250000000000000e-01,1.224999999999999960e-03,9.749999999999999552e-04
5.937500000000000000e-01,4.609375000000000000e-01,2.000000000000000096e-04,1.224999999999999960e-03
6.093750000000000000e-01,6.328125000000000000e-01,9.250000000000000409e-04,1.299999999999999940e-03
4.843750000000000000e-01,7.500000000000000000e-01,1.075000000000000001e-03,2.775000000000000123e-03
4.609375000000000000e-01,6.171875000000000000e-01,2.500000000000000120e-05,3.899999999999999821e-03
5.937500000000000000e-01,4.921875000000000000e-01,4.499999999999999877e-04,1.325000000000000006e-03
6.093750000000000000e-01,6.640625000000000000e-01,1.124999999999999915e-03,1.224999999999999960e-03
5.937500000000000000e-01,4.921875000000000000e-01,1.299999999999999940e-03,1.399999999999999986e-03
6.093750000000000000e-01,6.562500000000000000e-01,1.124999999999999915e-03,1.775000000000000102e-03
5.234375000000000000e-01,7.109375000000000000e-01,1.124999999999999915e-03,1.152500000000000052e-02
4.765625000000000000e-01,7.343750000000000000e-01,5.000000000000000240e-05,3.350000000000000113e-03
4.531250000000000000e-01,6.875000000000000000e-01,2.500000000000000120e-05,3.324999999999999831e-03
4.062500000000000000e-01,5.937500000000000000e-01,2.750000000000000166e-04,1.117499999999999917e-02
5.937500000000000000e-01,4.375000000000000000e-01,3.249999999999999851e-04,9.499999999999999981e-04
5.859375000000000000e-01,2.187500000000000000e-01,4.000000000000000192e-04,8.499999999999999526e-04
6.093750000000000000e-01,5.312500000000000000e-01,3.249999999999999851e-04,2.125000000000000153e-03
5.937500000000000000e-01,4.765625000000000000e-01,1.575000000000000011e-03,1.250000000000000026e-03
6.093750000000000000e-01,5.234375000000000000e-01,8.499999999999999526e-04,4.375000000000000416e-03
4.687500000000000000e-01,6.015625000000000000e-01,2.075000000000000022e-03,5.749999999999999903e-04
4.453125000000000000e-01,6.406250000000000000e-01,7.499999999999999343e-05,2.150000000000000001e-03
5.937500000000000000e-01,4.140625000000000000e-01,5.000000000000000240e-05,7.249999999999999500e-04
4.531250000000000000e-01,6.328125000000000000e-01,2.249999999999999830e-03,3.575000000000000053e-03
5.937500000000000000e-01,5.625000000000000000e-01,0.000000000000000000e+00,9.749999999999999552e-04
4.765625000000000000e-01,6.875000000000000000e-01,5.000000000000000240e-05,2.874999999999999951e-03
6.093750000000000000e-01,5.937500000000000000e-01,9.250000000000000409e-04,4.275000000000000154e-03
5.937500000000000000e-01,4.843750000000000000e-01,1.925000000000000062e-03,8.249999999999999955e-04
5.312500000000000000e-01,7.656250000000000000e-01,1.899999999999999996e-03,2.089999999999999844e-02
4.843750000000000000e-01,7.109375000000000000e-01,1.749999999999999982e-04,2.775000000000000123e-03
4.609375000000000000e-01,6.562500000000000000e-01,7.499999999999999343e-05,4.624999999999999771e-03
4.062500000000000000e-01,6.250000000000000000e-01,1.499999999999999869e-04,1.225000000000000047e-02
5.937500000000000000e-01,6.250000000000000000e-01,0.000000000000000000e+00,1.275000000000000092e-03
6.093750000000000000e-01,5.625000000000000000e-01,9.499999999999999981e-04,1.624999999999999925e-03
5.937500000000000000e-01,4.375000000000000000e-01,1.600000000000000077e-03,1.250000000000000026e-03
6.093750000000000000e-01,6.015625000000000000e-01,1.000000000000000021e-03,1.600000000000000077e-03
5.937500000000000000e-01,4.296875000000000000e-01,1.949999999999999910e-03,9.250000000000000409e-04
4.765625000000000000e-01,6.328125000000000000e-01,1.000000000000000048e-04,1.250000000000000026e-03
4.531250000000000000e-01,5.781250000000000000e-01,5.249999999999999676e-04,1.825000000000000016e-03
6.093750000000000000e-01,6.328125000000000000e-01,2.500000000000000052e-04,1.275000000000000092e-03
5.937500000000000000e-01,5.000000000000000000e-01,1.399999999999999986e-03,1.299999999999999940e-03
4.687500000000000000e-01,6.718750000000000000e-01,2.249999999999999938e-04,3.474999999999999790e-03
4.453125000000000000e-01,6.562500000000000000e-01,1.250000000000000026e-04,3.874999999999999972e-03
4.531250000000000000e-01,3.125000000000000000e-01,2.249999999999999938e-04,1.299999999999999940e-03
6.093750000000000000e-01,6.562500000000000000e-01,5.500000000000000331e-04,1.624999999999999925e-03
5.937500000000000000e-01,5.234375000000000000e-01,1.575000000000000011e-03,1.449999999999999900e-03
6.093750000000000000e-01,6.406250000000000000e-01,1.250000000000000026e-03,1.299999999999999940e-03
5.937500000000000000e-01,5.234375000000000000e-01,1.449999999999999900e-03,1.374999999999999920e-03
4.062500000000000000e-01,5.937500000000000000e-01,7.749999999999999728e-04,7.675000000000000398e-03
4.375000000000000000e-01,6.250000000000000000e-01,2.500000000000000120e-05,4.525000000000000376e-03
4.609375000000000000e-01,6.718750000000000000e-01,2.500000000000000120e-05,3.674999999999999881e-03
6.093750000000000000e-01,6.406250000000000000e-01,4.000000000000000192e-04,1.299999999999999940e-03
5.937500000000000000e-01,4.375000000000000000e-01,1.374999999999999920e-03,1.975000000000000193e-03
5.859375000000000000e-01,1.718750000000000000e-01,1.149999999999999981e-03,2.500000000000000120e-05
6.093750000000000000e-01,6.562500000000000000e-01,1.250000000000000026e-04,1.250000000000000026e-03
5.937500000000000000e-01,3.984375000000000000e-01,1.075000000000000001e-03,1.549999999999999946e-03
4.531250000000000000e-01,5.859375000000000000e-01,7.249999999999999500e-04,2.399999999999999790e-03
4.296875000000000000e-01,4.453125000000000000e-01,1.749999999999999982e-04,2.324999999999999810e-03
6.093750000000000000e-01,6.093750000000000000e-01,5.249999999999999676e-04,1.199999999999999895e-03
4.609375000000000000e-01,7.109375000000000000e-01,1.449999999999999900e-03,1.149999999999999981e-03
4.375000000000000000e-01,6.562500000000000000e-01,1.250000000000000026e-04,1.250000000000000026e-03
4.375000000000000000e-01,6.328125000000000000e-01,5.950000000000000427e-03,8.000000000000000167e-03
4.921875000000000000e-01,5.703125000000000000e-01,0.000000000000000000e+00,1.224999999999999960e-03
4.062500000000000000e-01,6.406250000000000000e-01,2.500000000000000120e-05,1.255000000000000039e-02
4.843750000000000000e-01,6.875000000000000000e-01,2.500000000000000120e-05,1.247499999999999998e-02
5.000000000000000000e-01,6.171875000000000000e-01,1.799999999999999951e-03,1.525000000000000097e-03
5.078125000000000000e-01,6.328125000000000000e-01,1.474999999999999966e-03,1.549999999999999946e-03
5.156250000000000000e-01,5.781250000000000000e-01,9.749999999999999552e-04,1.100000000000000066e-03
5.234375000000000000e-01,6.171875000000000000e-01,1.575000000000000011e-03,1.350000000000000071e-03
4.453125000000000000e-01,5.468750000000000000e-01,1.100000000000000066e-03,1.275000000000000092e-03
4.218750000000000000e-01,5.000000000000000000e-01,3.249999999999999851e-04,3.449999999999999942e-03
5.312500000000000000e-01,5.937500000000000000e-01,7.499999999999999343e-05,5.249999999999999676e-04
5.390625000000000000e-01,5.390625000000000000e-01,1.600000000000000077e-03,1.275000000000000092e-03
5.546875000000000000e-01,3.203125000000000000e-01,8.750000000000000182e-04,1.224999999999999960e-03
5.625000000000000000e-01,6.328125000000000000e-01,2.999999999999999737e-04,9.749999999999999552e-04
5.703125000000000000e-01,5.390625000000000000e-01,8.000000000000000383e-04,6.250000000000000130e-04
4.609375000000000000e-01,5.703125000000000000e-01,6.750000000000000357e-04,1.250000000000000026e-03
4.375000000000000000e-01,5.156250000000000000e-01,1.000000000000000048e-04,1.425000000000000051e-03
5.781250000000000000e-01,6.562500000000000000e-01,7.500000000000000156e-04,1.425000000000000051e-03
5.937500000000000000e-01,6.953125000000000000e-01,1.374999999999999920e-03,1.399999999999999986e-03
6.093750000000000000e-01,6.015625000000000000e-01,9.250000000000000409e-04,1.325000000000000006e-03
6.250000000000000000e-01,5.625000000000000000e-01,1.000000000000000021e-03,5.249999999999999676e-04
6.328125000000000000e-01,6.718750000000000000e-01,1.250000000000000026e-03,1.075000000000000001e-03
6.484375000000000000e-01,7.265625000000000000e-01,1.100000000000000066e-03,1.100000000000000066e-03
6.640625000000000000e-01,7.812500000000000000e-01,6.250000000000000130e-04,1.025000000000000086e-03
4.765625000000000000e-01,7.109375000000000000e-01,2.750000000000000166e-04,4.349999999999999700e-03
4.062500000000000000e-01,6.640625000000000000e-01,5.000000000000000240e-05,7.900000000000000772e-03
4.453125000000000000e-01,6.875000000000000000e-01,0.000000000000000000e+00,3.200000000000000153e-03
4.843750000000000000e-01,7.109375000000000000e-01,6.450000000000000004e-03,4.749999999999999990e-04
4.609375000000000000e-01,6.640625000000000000e-01,2.500000000000000052e-04,9.749999999999999552e-04
5.000000000000000000e-01,7.265625000000000000e-01,1.474999999999999966e-03,1.250000000000000026e-03
4.765625000000000000e-01,7.187500000000000000e-01,5.000000000000000240e-05,1.075000000000000001e-03
5.000000000000000000e-01,7.500000000000000000e-01,5.825000000000000316e-03,3.075000000000000042e-03
4.062500000000000000e-01,7.343750000000000000e-01,7.499999999999999343e-05,1.349999999999999985e-02
4.765625000000000000e-01,7.265625000000000000e-01,0.000000000000000000e+00,1.649999999999999991e-03
3.125000000000000000e-01,6.953125000000000000e-01,1.250000000000000026e-04,1.220000000000000077e-02
3.671875000000000000e-01,4.140625000000000000e-01,5.749999999999999903e-04,7.500000000000000156e-04
5.312500000000000000e-01,6.093750000000000000e-01,4.725000000000000033e-03,1.049999999999999935e-03
4.765625000000000000e-01,6.406250000000000000e-01,1.499999999999999869e-04,5.500000000000000331e-04
5.000000000000000000e-01,4.218750000000000000e-01,5.249999999999999676e-04,4.499999999999999877e-04
5.390625000000000000e-01,6.796875000000000000e-01,1.075000000000000001e-03,3.425000000000000093e-03
5.000000000000000000e-01,5.625000000000000000e-01,3.750000000000000078e-04,3.924999999999999670e-03
4.765625000000000000e-01,6.015625000000000000e-01,2.500000000000000120e-05,3.000000000000000062e-03
5.390625000000000000e-01,6.328125000000000000e-01,4.975000000000000255e-03,8.000000000000000383e-04
4.765625000000000000e-01,6.796875000000000000e-01,7.499999999999999343e-05,1.474999999999999966e-03
5.000000000000000000e-01,5.156250000000000000e-01,7.499999999999999343e-05,9.499999999999999981e-04
4.062500000000000000e-01,6.093750000000000000e-01,5.074999999999999650e-03,1.299999999999999940e-03
5.546875000000000000e-01,6.250000000000000000e-01,1.749999999999999982e-04,4.749999999999999990e-04
5.000000000000000000e-01,5.546875000000000000e-01,5.000000000000000240e-05,6.499999999999999702e-04
4.765625000000000000e-01,5.937500000000000000e-01,1.499999999999999869e-04,5.249999999999999676e-04
4.062500000000000000e-01,5.703125000000000000e-01,1.474999999999999966e-03,1.025000000000000086e-03
4.765625000000000000e-01,7.265625000000000000e-01,3.249999999999999851e-04,1.500000000000000031e-03
5.703125000000000000e-01,7.187500000000000000e-01,0.000000000000000000e+00,3.874999999999999972e-03
4.062500000000000000e-01,6.484375000000000000e-01,4.799999999999999580e-03,7.249999999999999500e-04
4.453125000000000000e-01,7.265625000000000000e-01,2.500000000000000120e-05,6.750000000000000357e-04
5.703125000000000000e-01,6.093750000000000000e-01,5.000000000000000240e-05,3.674999999999999881e-03
4.765625000000000000e-01,7.343750000000000000e-01,1.250000000000000026e-04,2.099999999999999870e-03
5.390625000000000000e-01,5.781250000000000000e-01,2.000000000000000096e-04,3.174999999999999871e-03
5.000000000000000000e-01,6.640625000000000000e-01,5.125000000000000215e-03,7.249999999999999500e-04
5.703125000000000000e-01,5.468750000000000000e-01,0.000000000000000000e+00,6.999999999999999929e-04
5.781250000000000000e-01,4.843750000000000000e-01,1.499999999999999869e-04,4.749999999999999990e-04
5.390625000000000000e-01,5.546875000000000000e-01,5.000000000000000240e-05,5.999999999999999474e-04
5.000000000000000000e-01,6.718750000000000000e-01,1.575000000000000011e-03,8.999999999999999754e-04
5.937500000000000000e-01,7.500000000000000000e-01,0.000000000000000000e+00,1.500000000000000031e-03
5.703125000000000000e-01,6.328125000000000000e-01,1.000000000000000048e-04,1.474999999999999966e-03
5.390625000000000000e-01,6.718750000000000000e-01,5.000000000000000240e-05,9.749999999999999552e-04
5.859375000000000000e-01,2.343750000000000000e-01,4.300000000000000003e-03,1.850000000000000082e-03
5.703125000000000000e-01,6.875000000000000000e-01,1.699999999999999905e-03,1.075000000000000001e-03
6.328125000000000000e-01,7.343750000000000000e-01,0.000000000000000000e+00,1.224999999999999960e-03
5.390625000000000000e-01,7.187500000000000000e-01,2.500000000000000120e-05,1.325000000000000006e-03
5.937500000000000000e-01,6.406250000000000000e-01,7.499999999999999343e-05,5.999999999999999474e-04
4.062500000000000000e-01,7.734375000000000000e-01,1.000000000000000048e-04,1.367499999999999966e-02
3.125000000000000000e-01,6.718750000000000000e-01,2.500000000000000120e-05,1.365000000000000067e-02
6.171875000000000000e-01,3.671875000000000000e-01,3.750000000000000078e-04,6.750000000000000357e-04
5.937500000000000000e-01,5.390625000000000000e-01,5.174999999999999913e-03,1.675000000000000057e-03
5.390625000000000000e-01,4.921875000000000000e-01,2.999999999999999737e-04,1.925000000000000062e-03
5.703125000000000000e-01,6.562500000000000000e-01,9.749999999999999552e-04,1.600000000000000077e-03
5.000000000000000000e-01,6.484375000000000000e-01,5.000000000000000104e-04,1.299999999999999940e-03
5.390625000000000000e-01,6.484375000000000000e-01,5.199999999999999761e-03,1.500000000000000031e-03
4.765625000000000000e-01,6.406250000000000000e-01,1.000000000000000048e-04,1.275000000000000092e-03
5.000000000000000000e-01,6.171875000000000000e-01,2.500000000000000120e-05,9.250000000000000409e-04
4.062500000000000000e-01,5.781250000000000000e-01,5.199999999999999761e-03,2.299999999999999961e-03
4.453125000000000000e-01,5.546875000000000000e-01,5.000000000000000240e-05,8.249999999999999955e-04
5.000000000000000000e-01,4.765625000000000000e-01,1.499999999999999869e-04,1.325000000000000006e-03
4.765625000000000000e-01,6.796875000000000000e-01,1.224999999999999960e-03,1.124999999999999915e-03
3.828125000000000000e-01,7.187500000000000000e-01,5.474999999999999832e-03,1.049999999999999935e-03
4.453125000000000000e-01,6.718750000000000000e-01,2.500000000000000120e-05,8.999999999999999754e-04
3.125000000000000000e-01,6.953125000000000000e-01,1.000000000000000048e-04,6.999999999999999929e-04
4.062500000000000000e-01,7.578125000000000000e-01,0.000000000000000000e+00,1.100000000000000066e-03
3.671875000000000000e-01,7.031250000000000000e-02,1.350000000000000071e-03,2.500000000000000120e-05
5.703125000000000000e-01,5.781250000000000000e-01,8.049999999999999864e-03,6.499999999999999702e-04
5.000000000000000000e-01,5.234375000000000000e-01,2.500000000000000120e-05,7.249999999999999500e-04
5.390625000000000000e-01,5.468750000000000000e-01,2.500000000000000120e-05,8.999999999999999754e-04
5.937500000000000000e-01,6.718750000000000000e-01,1.499999999999999869e-04,5.999999999999999474e-04
6.328125000000000000e-01,6.562500000000000000e-01,2.500000000000000120e-05,6.750000000000000357e-04
6.640625000000000000e-01,5.937500000000000000e-01,7.499999999999999343e-05,5.999999999999999474e-04
6.640625000000000000e-01,8.437500000000000000e-01,1.474999999999999966e-03,1.649999999999999991e-03
5.000000000000000000e-01,7.656250000000000000e-01,2.500000000000000120e-05,8.249999999999999955e-04
5.390625000000000000e-01,6.406250000000000000e-01,0.000000000000000000e+00,1.149999999999999981e-03
5.703125000000000000e-01,7.578125000000000000e-01,0.000000000000000000e+00,1.075000000000000001e-03
5.937500000000000000e-01,7.656250000000000000e-01,0.000000000000000000e+00,1.199999999999999895e-03
6.328125000000000000e-01,7.421875000000000000e-01,1.000000000000000048e-04,1.275000000000000092e-03
6.250000000000000000e-01,2.968750000000000000e-01,8.000000000000000383e-04,2.500000000000000120e-05
4.609375000000000000e-01,6.640625000000000000e-01,9.799999999999999684e-03,7.749999999999999728e-04
5.781250000000000000e-01,7.500000000000000000e-01,0.000000000000000000e+00,8.899999999999999925e-03
4.062500000000000000e-01,6.640625000000000000e-01,5.000000000000000240e-05,8.499999999999999526e-04
6.484375000000000000e-01,7.656250000000000000e-01,0.000000000000000000e+00,8.250000000000000389e-03
5.000000000000000000e-01,6.484375000000000000e-01,2.500000000000000120e-05,6.250000000000000130e-04
5.937500000000000000e-01,7.031250000000000000e-01,7.499999999999999343e-05,8.600000000000000006e-03
5.156250000000000000e-01,7.734375000000000000e-01,4.125000000000000194e-03,9.250000000000000409e-04
4.218750000000000000e-01,7.109375000000000000e-01,5.000000000000000240e-05,5.749999999999999903e-04
5.312500000000000000e-01,6.875000000000000000e-01,3.775000000000000144e-03,4.749999999999999990e-04
4.375000000000000000e-01,6.875000000000000000e-01,7.499999999999999343e-05,5.500000000000000331e-04
4.296875000000000000e-01,2.890625000000000000e-01,1.075000000000000001e-03,9.749999999999999552e-04
4.062500000000000000e-01,8.203125000000000000e-01,4.174999999999999892e-03,8.750000000000000182e-04
3.125000000000000000e-01,7.265625000000000000e-01,5.000000000000000240e-05,6.499999999999999702e-04
4.453125000000000000e-01,7.265625000000000000e-01,0.000000000000000000e+00,5.500000000000000331e-04
3.828125000000000000e-01,6.093750000000000000e-01,1.749999999999999982e-04,6.250000000000000130e-04
5.000000000000000000e-01,6.250000000000000000e-01,1.135000000000000071e-02,1.250000000000000026e-03
5.937500000000000000e-01,6.171875000000000000e-01,7.499999999999999343e-05,7.500000000000000156e-04
6.640625000000000000e-01,5.625000000000000000e-01,0.000000000000000000e+00,6.250000000000000130e-04
6.328125000000000000e-01,5.546875000000000000e-01,1.250000000000000026e-04,7.249999999999999500e-04
5.390625000000000000e-01,6.015625000000000000e-01,1.000000000000000048e-04,1.175000000000000046e-03
5.703125000000000000e-01,6.718750000000000000e-01,0.000000000000000000e+00,9.749999999999999552e-04
6.640625000000000000e-01,8.281250000000000000e-01,1.600000000000000077e-03,1.850000000000000082e-03
5.000000000000000000e-01,6.796875000000000000e-01,5.000000000000000240e-05,1.175000000000000046e-03
5.937500000000000000e-01,7.109375000000000000e-01,0.000000000000000000e+00,1.299999999999999940e-03
6.328125000000000000e-01,7.265625000000000000e-01,7.499999999999999343e-05,1.299999999999999940e-03
5.390625000000000000e-01,6.640625000000000000e-01,5.000000000000000240e-05,1.175000000000000046e-03
5.703125000000000000e-01,7.265625000000000000e-01,5.000000000000000240e-05,1.000000000000000021e-03
4.609375000000000000e-01,6.484375000000000000e-01,9.825000000000000400e-03,1.100000000000000066e-03
4.062500000000000000e-01,6.484375000000000000e-01,1.250000000000000026e-04,8.750000000000000182e-04
5.000000000000000000e-01,6.484375000000000000e-01,5.000000000000000240e-05,8.249999999999999955e-04
6.484375000000000000e-01,7.265625000000000000e-01,1.000000000000000048e-04,6.425000000000000155e-03
5.937500000000000000e-01,7.265625000000000000e-01,5.000000000000000240e-05,5.749999999999999903e-03
5.781250000000000000e-01,7.500000000000000000e-01,2.500000000000000120e-05,5.024999999999999953e-03
4.218750000000000000e-01,6.796875000000000000e-01,3.899999999999999821e-03,6.499999999999999702e-04
5.156250000000000000e-01,6.796875000000000000e-01,0.000000000000000000e+00,7.500000000000000156e-04
5.312500000000000000e-01,7.109375000000000000e-01,3.725000000000000012e-03,7.249999999999999500e-04
4.375000000000000000e-01,6.796875000000000000e-01,2.500000000000000120e-05,8.999999999999999754e-04
7.265625000000000000e-01,7.968750000000000000e-01,4.599999999999999922e-03,1.399999999999999986e-03
6.640625000000000000e-01,7.500000000000000000e-01,1.000000000000000048e-04,1.199999999999999895e-03
6.875000000000000000e-01,7.187500000000000000e-01,2.500000000000000120e-05,1.124999999999999915e-03
3.515625000000000000e-01,7.734375000000000000e-01,1.749999999999999982e-04,4.749999999999999990e-04
4.453125000000000000e-01,7.500000000000000000e-01,0.000000000000000000e+00,7.749999999999999728e-04
4.296875000000000000e-01,6.640625000000000000e-01,2.500000000000000052e-04,4.249999999999999763e-04
6.875000000000000000e-01,5.703125000000000000e-01,5.324999999999999872e-03,2.299999999999999961e-03
6.328125000000000000e-01,5.781250000000000000e-01,2.249999999999999938e-04,1.925000000000000062e-03
6.640625000000000000e-01,6.796875000000000000e-01,1.474999999999999966e-03,1.250000000000000026e-03
5.937500000000000000e-01,6.718750000000000000e-01,2.500000000000000052e-04,1.199999999999999895e-03
5.390625000000000000e-01,5.781250000000000000e-01,4.074999999999999629e-03,5.249999999999999676e-04
5.000000000000000000e-01,5.703125000000000000e-01,1.499999999999999869e-04,5.999999999999999474e-04
6.328125000000000000e-01,6.328125000000000000e-01,2.500000000000000052e-04,1.075000000000000001e-03
5.703125000000000000e-01,5.937500000000000000e-01,7.499999999999999343e-05,6.999999999999999929e-04
5.937500000000000000e-01,5.468750000000000000e-01,5.000000000000000240e-05,5.749999999999999903e-04
5.937500000000000000e-01,5.859375000000000000e-01,4.825000000000000296e-03,1.724999999999999971e-03
5.390625000000000000e-01,5.156250000000000000e-01,1.000000000000000048e-04,7.500000000000000156e-04
4.765625000000000000e-01,5.625000000000000000e-01,2.000000000000000096e-04,1.124999999999999915e-03
5.000000000000000000e-01,3.203125000000000000e-01,7.499999999999999343e-05,7.749999999999999728e-04
4.453125000000000000e-01,6.015625000000000000e-01,1.075000000000000001e-03,6.250000000000000130e-04
5.703125000000000000e-01,5.625000000000000000e-01,7.499999999999999343e-05,8.249999999999999955e-04
5.000000000000000000e-01,5.546875000000000000e-01,5.249999999999999676e-04,1.149999999999999981e-03
5.390625000000000000e-01,5.234375000000000000e-01,5.150000000000000064e-03,1.425000000000000051e-03
4.453125000000000000e-01,4.531250000000000000e-01,5.000000000000000240e-05,7.749999999999999728e-04
4.062500000000000000e-01,4.921875000000000000e-01,5.000000000000000240e-05,9.499999999999999981e-04
5.000000000000000000e-01,4.765625000000000000e-01,2.500000000000000120e-05,8.499999999999999526e-04
4.765625000000000000e-01,4.921875000000000000e-01,1.000000000000000048e-04,7.500000000000000156e-04
5.000000000000000000e-01,3.750000000000000000e-01,6.100000000000000387e-03,1.624999999999999925e-03
4.453125000000000000e-01,3.671875000000000000e-01,3.499999999999999964e-04,6.999999999999999929e-04
3.828125000000000000e-01,5.000000000000000000e-01,2.500000000000000120e-05,1.075000000000000001e-03
4.765625000000000000e-01,5.234375000000000000e-01,4.499999999999999877e-04,1.449999999999999900e-03
3.515625000000000000e-01,3.750000000000000000e-01,7.749999999999999728e-04,6.999999999999999929e-04
4.062500000000000000e-01,3.046875000000000000e-01,2.999999999999999737e-04,1.350000000000000071e-03
4.453125000000000000e-01,3.593750000000000000e-01,7.524999999999999571e-03,2.425000000000000072e-03
3.515625000000000000e-01,3.125000000000000000e-01,1.499999999999999869e-04,1.850000000000000082e-03
4.062500000000000000e-01,3.437500000000000000e-01,5.000000000000000240e-05,2.174999999999999850e-03
3.828125000000000000e-01,3.203125000000000000e-01,1.000000000000000048e-04,1.899999999999999996e-03
2.578125000000000000e-01,3.593750000000000000e-01,7.499999999999999343e-05,1.775000000000000102e-03
6.328125000000000000e-01,4.296875000000000000e-01,2.132500000000000021e-02,4.575000000000000074e-03
4.062500000000000000e-01,2.734375000000000000e-01,5.999999999999999474e-04,2.432499999999999940e-02
5.390625000000000000e-01,2.734375000000000000e-01,1.000000000000000048e-04,3.174999999999999871e-03
5.937500000000000000e-01,3.281250000000000000e-01,0.000000000000000000e+00,3.799999999999999992e-03
5.703125000000000000e-01,2.187500000000000000e-01,2.500000000000000052e-04,2.099999999999999870e-03
5.000000000000000000e-01,2.031250000000000000e-01,1.250000000000000026e-04,2.002500000000000113e-02
4.765625000000000000e-01,2.578125000000000000e-01,1.749999999999999982e-04,3.842500000000000082e-02
4.453125000000000000e-01,1.171875000000000000e-01,3.249999999999999851e-04,2.164999999999999911e-02
6.328125000000000000e-01,7.031250000000000000e-01,1.203250000000000014e-01,3.657500000000000334e-02
3.281250000000000000e-01,5.546875000000000000e-01,2.249999999999999938e-04,1.092500000000000068e-02
6.093750000000000000e-01,4.687500000000000000e-01,7.900000000000000772e-03,3.082500000000000170e-02
5.703125000000000000e-01,5.078125000000000000e-01,4.975000000000000255e-03,4.125000000000000194e-03
5.625000000000000000e-01,5.312500000000000000e-01,3.824999999999999841e-03,3.650000000000000033e-03
5.703125000000000000e-01,5.390625000000000000e-01,3.425000000000000093e-03,3.899999999999999821e-03
5.390625000000000000e-01,5.781250000000000000e-01,3.200000000000000153e-03,1.347500000000000087e-02
5.156250000000000000e-01,6.328125000000000000e-01,3.500000000000000073e-03,4.675000000000000336e-03
4.765625000000000000e-01,5.937500000000000000e-01,3.449999999999999942e-03,6.624999999999999813e-03
5.781250000000000000e-01,6.796875000000000000e-01,5.649999999999999641e-03,2.234999999999999834e-02
4.218750000000000000e-01,4.531250000000000000e-01,7.249999999999999500e-04,4.199999999999999740e-03
5.390625000000000000e-01,5.000000000000000000e-01,4.375000000000000416e-03,7.199999999999999803e-03
5.156250000000000000e-01,4.296875000000000000e-01,3.500000000000000073e-03,3.000000000000000062e-03
5.078125000000000000e-01,4.765625000000000000e-01,3.524999999999999922e-03,3.524999999999999922e-03
5.156250000000000000e-01,5.234375000000000000e-01,3.550000000000000204e-03,2.625000000000000163e-03
4.843750000000000000e-01,5.156250000000000000e-01,2.775000000000000123e-03,3.449999999999999942e-03
4.453125000000000000e-01,4.687500000000000000e-01,3.425000000000000093e-03,3.650000000000000033e-03
5.703125000000000000e-01,6.796875000000000000e-01,3.499999999999999964e-04,9.924999999999999795e-03
4.218750000000000000e-01,5.156250000000000000e-01,3.324999999999999831e-03,6.199999999999999782e-03
6.484375000000000000e-01,6.406250000000000000e-01,5.550000000000000246e-03,1.862499999999999920e-02
4.140625000000000000e-01,4.453125000000000000e-01,5.749999999999999903e-04,1.034999999999999983e-02
6.250000000000000000e-01,5.156250000000000000e-01,4.024999999999999932e-03,4.624999999999999771e-03
5.703125000000000000e-01,5.078125000000000000e-01,3.474999999999999790e-03,3.299999999999999982e-03
5.625000000000000000e-01,5.859375000000000000e-01,3.350000000000000113e-03,3.275000000000000133e-03
5.703125000000000000e-01,5.546875000000000000e-01,3.150000000000000022e-03,3.425000000000000093e-03
5.546875000000000000e-01,5.625000000000000000e-01,3.200000000000000153e-03,6.749999999999999924e-03
6.328125000000000000e-01,6.171875000000000000e-01,3.099999999999999891e-03,5.199999999999999761e-03
5.312500000000000000e-01,3.906250000000000000e-01,5.000000000000000240e-05,5.250000000000000326e-03
4.765625000000000000e-01,4.453125000000000000e-01,3.374999999999999962e-03,7.575000000000000136e-03
6.328125000000000000e-01,5.312500000000000000e-01,5.374999999999999570e-03,1.597499999999999962e-02
4.218750000000000000e-01,3.281250000000000000e-01,2.249999999999999938e-04,8.649999999999999703e-03
6.093750000000000000e-01,4.218750000000000000e-01,4.125000000000000194e-03,1.772500000000000117e-02
5.703125000000000000e-01,4.453125000000000000e-01,3.575000000000000053e-03,2.899999999999999800e-03
5.625000000000000000e-01,4.375000000000000000e-01,3.125000000000000173e-03,2.824999999999999820e-03
5.703125000000000000e-01,5.390625000000000000e-01,3.324999999999999831e-03,7.275000000000000216e-03
5.390625000000000000e-01,5.312500000000000000e-01,3.449999999999999942e-03,2.575000000000000032e-03
5.156250000000000000e-01,5.703125000000000000e-01,3.599999999999999901e-03,6.675000000000000377e-03
4.765625000000000000e-01,6.015625000000000000e-01,3.874999999999999972e-03,5.474999999999999832e-03
6.640625000000000000e-01,7.265625000000000000e-01,4.074999999999999629e-03,3.484999999999999903e-02
4.453125000000000000e-01,5.625000000000000000e-01,5.000000000000000104e-04,8.975000000000000339e-03
6.328125000000000000e-01,5.546875000000000000e-01,3.474999999999999790e-03,5.975000000000000276e-03
6.093750000000000000e-01,5.625000000000000000e-01,3.425000000000000093e-03,3.399999999999999811e-03
6.015625000000000000e-01,5.859375000000000000e-01,3.200000000000000153e-03,2.500000000000000052e-03
6.093750000000000000e-01,6.015625000000000000e-01,3.125000000000000173e-03,3.924999999999999670e-03
5.703125000000000000e-01,6.015625000000000000e-01,2.975000000000000214e-03,1.197499999999999953e-02
5.390625000000000000e-01,5.000000000000000000e-01,3.099999999999999891e-03,1.145000000000000011e-02
5.156250000000000000e-01,5.390625000000000000e-01,3.350000000000000113e-03,7.400000000000000328e-03
6.093750000000000000e-01,6.406250000000000000e-01,4.700000000000000185e-03,2.154999999999999971e-02
5.703125000000000000e-01,5.546875000000000000e-01,4.074999999999999629e-03,5.000000000000000104e-03
5.546875000000000000e-01,5.546875000000000000e-01,3.350000000000000113e-03,3.725000000000000012e-03
5.312500000000000000e-01,5.781250000000000000e-01,3.299999999999999982e-03,2.850000000000000103e-03
5.390625000000000000e-01,5.937500000000000000e-01,3.075000000000000042e-03,3.524999999999999922e-03
5.156250000000000000e-01,6.015625000000000000e-01,3.275000000000000133e-03,4.300000000000000003e-03
6.015625000000000000e-01,6.953125000000000000e-01,3.075000000000000042e-03,8.675000000000000419e-03
4.765625000000000000e-01,5.078125000000000000e-01,7.499999999999999343e-05,2.949999999999999931e-03
4.453125000000000000e-01,5.468750000000000000e-01,2.724999999999999992e-03,6.374999999999999591e-03
6.718750000000000000e-01,6.640625000000000000e-01,5.000000000000000104e-03,2.147500000000000103e-02
4.375000000000000000e-01,4.843750000000000000e-01,2.750000000000000166e-04,8.949999999999999623e-03
6.484375000000000000e-01,5.078125000000000000e-01,4.074999999999999629e-03,3.674999999999999881e-03
6.015625000000000000e-01,5.468750000000000000e-01,3.500000000000000073e-03,2.824999999999999820e-03
5.937500000000000000e-01,5.546875000000000000e-01,3.125000000000000173e-03,2.899999999999999800e-03
6.015625000000000000e-01,5.078125000000000000e-01,2.975000000000000214e-03,2.500000000000000052e-03
5.781250000000000000e-01,5.859375000000000000e-01,3.050000000000000194e-03,1.154999999999999950e-02
5.546875000000000000e-01,2.500000000000000000e-01,3.474999999999999790e-03,5.749999999999999903e-03
6.640625000000000000e-01,6.015625000000000000e-01,0.000000000000000000e+00,4.224999999999999589e-03
5.078125000000000000e-01,4.296875000000000000e-01,1.525000000000000097e-03,1.025000000000000086e-03
4.453125000000000000e-01,3.515625000000000000e-01,5.725000000000000054e-03,2.132500000000000021e-02
6.640625000000000000e-01,4.921875000000000000e-01,1.749999999999999982e-04,1.792499999999999996e-02
6.328125000000000000e-01,3.828125000000000000e-01,4.649999999999999620e-03,1.575000000000000011e-02
6.093750000000000000e-01,4.140625000000000000e-01,3.425000000000000093e-03,2.824999999999999820e-03
6.015625000000000000e-01,4.687500000000000000e-01,3.225000000000000002e-03,1.775000000000000102e-03
6.093750000000000000e-01,5.234375000000000000e-01,3.625000000000000184e-03,6.700000000000000226e-03
5.703125000000000000e-01,4.453125000000000000e-01,3.599999999999999901e-03,2.550000000000000183e-03
5.390625000000000000e-01,3.750000000000000000e-01,2.475000000000000203e-03,3.575000000000000053e-03
5.156250000000000000e-01,4.609375000000000000e-01,3.674999999999999881e-03,6.999999999999999929e-04
6.328125000000000000e-01,6.406250000000000000e-01,5.300000000000000024e-03,2.952499999999999916e-02
3.281250000000000000e-01,3.984375000000000000e-01,8.000000000000000383e-04,8.224999999999999672e-03
6.093750000000000000e-01,4.687500000000000000e-01,3.975000000000000235e-03,2.535000000000000100e-02
5.781250000000000000e-01,4.843750000000000000e-01,3.874999999999999972e-03,2.625000000000000163e-03
5.703125000000000000e-01,4.531250000000000000e-01,2.700000000000000143e-03,2.374999999999999941e-03
5.781250000000000000e-01,5.156250000000000000e-01,3.474999999999999790e-03,3.174999999999999871e-03
5.390625000000000000e-01,5.312500000000000000e-01,3.024999999999999911e-03,1.237500000000000058e-02
5.156250000000000000e-01,4.765625000000000000e-01,3.225000000000000002e-03,4.725000000000000033e-03
4.843750000000000000e-01,4.765625000000000000e-01,3.249999999999999851e-03,5.899999999999999863e-03
5.859375000000000000e-01,6.328125000000000000e-01,3.899999999999999821e-03,2.004999999999999838e-02
4.218750000000000000e-01,3.906250000000000000e-01,6.499999999999999702e-04,1.612500000000000044e-02
5.625000000000000000e-01,5.156250000000000000e-01,2.650000000000000012e-03,1.675000000000000100e-02
5.390625000000000000e-01,4.453125000000000000e-01,3.225000000000000002e-03,2.004999999999999838e-02
4.843750000000000000e-01,5.156250000000000000e-01,2.575000000000000032e-03,2.899999999999999800e-03
4.921875000000000000e-01,5.156250000000000000e-01,3.749999999999999861e-03,5.049999999999999802e-03
4.687500000000000000e-01,4.453125000000000000e-01,2.899999999999999800e-03,4.174999999999999892e-03
5.781250000000000000e-01,6.484375000000000000e-01,3.449999999999999942e-03,7.974999999999999450e-03
4.453125000000000000e-01,4.609375000000000000e-01,2.500000000000000120e-05,3.850000000000000124e-03
4.218750000000000000e-01,4.609375000000000000e-01,3.299999999999999982e-03,4.874999999999999993e-03
6.093750000000000000e-01,6.484375000000000000e-01,3.725000000000000012e-03,2.274999999999999939e-02
4.375000000000000000e-01,5.078125000000000000e-01,6.250000000000000130e-04,2.065000000000000169e-02
5.781250000000000000e-01,5.078125000000000000e-01,3.200000000000000153e-03,2.975000000000000214e-03
5.546875000000000000e-01,4.687500000000000000e-01,2.799999999999999972e-03,3.350000000000000113e-03
5.468750000000000000e-01,5.781250000000000000e-01,3.599999999999999901e-03,3.449999999999999942e-03
5.546875000000000000e-01,5.312500000000000000e-01,3.125000000000000173e-03,8.075000000000000580e-03
5.078125000000000000e-01,5.156250000000000000e-01,3.000000000000000062e-03,5.100000000000000366e-03
6.015625000000000000e-01,6.640625000000000000e-01,3.399999999999999811e-03,3.350000000000000113e-03
4.843750000000000000e-01,5.234375000000000000e-01,6.499999999999999702e-04,4.400000000000000265e-03
4.609375000000000000e-01,4.921875000000000000e-01,3.824999999999999841e-03,6.474999999999999853e-03
6.640625000000000000e-01,6.875000000000000000e-01,5.174999999999999913e-03,2.744999999999999871e-02
4.453125000000000000e-01,5.078125000000000000e-01,6.250000000000000130e-04,8.725000000000000117e-03
6.328125000000000000e-01,4.843750000000000000e-01,4.049999999999999781e-03,5.700000000000000205e-03
6.093750000000000000e-01,5.390625000000000000e-01,3.225000000000000002e-03,3.625000000000000184e-03
6.015625000000000000e-01,5.625000000000000000e-01,3.399999999999999811e-03,2.449999999999999921e-03
6.093750000000000000e-01,5.937500000000000000e-01,2.850000000000000103e-03,4.199999999999999740e-03
5.703125000000000000e-01,5.781250000000000000e-01,3.225000000000000002e-03,9.650000000000000591e-03
5.390625000000000000e-01,3.906250000000000000e-01,3.225000000000000002e-03,9.175000000000000863e-03
6.328125000000000000e-01,6.328125000000000000e-01,2.249999999999999938e-04,1.607499999999999901e-02
5.156250000000000000e-01,4.140625000000000000e-01,4.100000000000000346e-03,3.950000000000000386e-03
6.093750000000000000e-01,5.546875000000000000e-01,3.200000000000000153e-03,9.974999999999999492e-03
5.703125000000000000e-01,5.468750000000000000e-01,3.275000000000000133e-03,7.849999999999999339e-03
5.390625000000000000e-01,3.828125000000000000e-01,2.674999999999999861e-03,4.150000000000000043e-03
5.312500000000000000e-01,4.843750000000000000e-01,3.599999999999999901e-03,1.975000000000000193e-03
5.390625000000000000e-01,4.765625000000000000e-01,3.050000000000000194e-03,4.150000000000000043e-03
5.156250000000000000e-01,5.312500000000000000e-01,3.249999999999999851e-03,3.950000000000000386e-03
5.703125000000000000e-01,5.937500000000000000e-01,2.925000000000000083e-03,1.050000000000000065e-02
4.765625000000000000e-01,4.531250000000000000e-01,6.250000000000000130e-04,3.775000000000000144e-03
4.453125000000000000e-01,4.062500000000000000e-01,4.074999999999999629e-03,6.749999999999999924e-03
5.937500000000000000e-01,5.390625000000000000e-01,5.100000000000000366e-03,2.750000000000000014e-02
4.375000000000000000e-01,3.984375000000000000e-01,3.750000000000000078e-04,1.389999999999999916e-02
5.703125000000000000e-01,3.828125000000000000e-01,4.049999999999999781e-03,7.000000000000000146e-03
5.312500000000000000e-01,4.062500000000000000e-01,3.725000000000000012e-03,2.700000000000000143e-03
5.234375000000000000e-01,3.984375000000000000e-01,3.099999999999999891e-03,1.825000000000000016e-03
5.312500000000000000e-01,3.828125000000000000e-01,3.399999999999999811e-03,2.874999999999999951e-03
5.000000000000000000e-01,4.140625000000000000e-01,2.874999999999999951e-03,3.799999999999999992e-03
4.765625000000000000e-01,3.359375000000000000e-01,3.000000000000000062e-03,8.625000000000000722e-03
4.375000000000000000e-01,3.593750000000000000e-01,2.925000000000000083e-03,5.374999999999999570e-03
5.781250000000000000e-01,5.156250000000000000e-01,3.725000000000000012e-03,3.244999999999999968e-02
4.218750000000000000e-01,3.671875000000000000e-01,6.499999999999999702e-04,1.682499999999999968e-02
5.390625000000000000e-01,3.984375000000000000e-01,3.324999999999999831e-03,1.724999999999999971e-03
5.156250000000000000e-01,3.984375000000000000e-01,3.425000000000000093e-03,2.874999999999999951e-03
5.078125000000000000e-01,3.906250000000000000e-01,3.324999999999999831e-03,1.724999999999999971e-03
5.156250000000000000e-01,3.515625000000000000e-01,3.625000000000000184e-03,2.700000000000000143e-03
4.843750000000000000e-01,4.218750000000000000e-01,3.125000000000000173e-03,1.225000000000000047e-02
4.453125000000000000e-01,2.968750000000000000e-01,3.449999999999999942e-03,4.199999999999999740e-03
4.218750000000000000e-01,3.515625000000000000e-01,4.199999999999999740e-03,6.150000000000000085e-03
5.703125000000000000e-01,4.218750000000000000e-01,4.275000000000000154e-03,2.309999999999999901e-02
4.140625000000000000e-01,3.281250000000000000e-01,7.749999999999999728e-04,1.197499999999999953e-02
5.546875000000000000e-01,3.046875000000000000e-01,4.624999999999999771e-03,1.732500000000000012e-02
5.312500000000000000e-01,3.593750000000000000e-01,3.625000000000000184e-03,1.282499999999999959e-02
4.687500000000000000e-01,3.828125000000000000e-01,3.625000000000000184e-03,3.650000000000000033e-03
4.765625000000000000e-01,3.515625000000000000e-01,4.425000000000000114e-03,2.475000000000000203e-03
4.609375000000000000e-01,3.593750000000000000e-01,4.250000000000000305e-03,7.725000000000000096e-03
4.375000000000000000e-01,3.203125000000000000e-01,4.400000000000000265e-03,7.374999999999999611e-03
3.828125000000000000e-01,2.968750000000000000e-01,5.550000000000000246e-03,1.170000000000000033e-02
6.328125000000000000e-01,6.562500000000000000e-01,1.014999999999999930e-02,3.092500000000000110e-02
4.218750000000000000e-01,3.281250000000000000e-01,9.499999999999999981e-04,2.535000000000000100e-02
6.093750000000000000e-01,4.375000000000000000e-01,5.975000000000000276e-03,2.649999999999999925e-02
5.703125000000000000e-01,4.218750000000000000e-01,3.874999999999999972e-03,3.000000000000000062e-03
5.625000000000000000e-01,4.531250000000000000e-01,3.275000000000000133e-03,2.350000000000000092e-03
5.703125000000000000e-01,4.843750000000000000e-01,3.550000000000000204e-03,3.524999999999999922e-03
5.390625000000000000e-01,4.453125000000000000e-01,3.150000000000000022e-03,1.052499999999999963e-02
5.156250000000000000e-01,4.765625000000000000e-01,3.449999999999999942e-03,4.199999999999999740e-03
4.765625000000000000e-01,5.000000000000000000e-01,3.024999999999999911e-03,5.624999999999999792e-03
5.781250000000000000e-01,6.250000000000000000e-01,3.550000000000000204e-03,2.050000000000000086e-02
4.218750000000000000e-01,4.296875000000000000e-01,5.999999999999999474e-04,3.225000000000000002e-03
5.390625000000000000e-01,5.156250000000000000e-01,3.299999999999999982e-03,8.675000000000000419e-03
5.156250000000000000e-01,4.843750000000000000e-01,3.449999999999999942e-03,3.024999999999999911e-03
5.078125000000000000e-01,5.078125000000000000e-01,3.425000000000000093e-03,3.599999999999999901e-03
5.156250000000000000e-01,5.312500000000000000e-01,3.324999999999999831e-03,2.324999999999999810e-03
4.843750000000000000e-01,5.625000000000000000e-01,2.799999999999999972e-03,3.174999999999999871e-03
4.453125000000000000e-01,5.312500000000000000e-01,3.500000000000000073e-03,2.925000000000000083e-03
5.703125000000000000e-01,6.562500000000000000e-01,0.000000000000000000e+00,7.199999999999999803e-03
4.218750000000000000e-01,5.000000000000000000e-01,3.200000000000000153e-03,4.649999999999999620e-03
6.484375000000000000e-01,6.171875000000000000e-01,4.449999999999999963e-03,1.742499999999999952e-02
4.140625000000000000e-01,4.609375000000000000e-01,2.999999999999999737e-04,1.064999999999999974e-02
6.250000000000000000e-01,5.078125000000000000e-01,3.700000000000000164e-03,3.799999999999999992e-03
5.703125000000000000e-01,4.921875000000000000e-01,2.850000000000000103e-03,3.299999999999999982e-03
5.625000000000000000e-01,5.625000000000000000e-01,3.449999999999999942e-03,3.000000000000000062e-03
5.703125000000000000e-01,5.468750000000000000e-01,3.000000000000000062e-03,2.824999999999999820e-03
5.546875000000000000e-01,5.546875000000000000e-01,3.075000000000000042e-03,6.575000000000000115e-03
5.312500000000000000e-01,3.671875000000000000e-01,1.899999999999999996e-03,6.875000000000000035e-03
6.328125000000000000e-01,6.015625000000000000e-01,1.500000000000000031e-03,4.375000000000000416e-03
4.765625000000000000e-01,3.437500000000000000e-01,2.399999999999999790e-03,7.250000000000000368e-03
6.328125000000000000e-01,5.000000000000000000e-01,4.825000000000000296e-03,2.174999999999999850e-02
4.218750000000000000e-01,3.359375000000000000e-01,7.499999999999999343e-05,2.617500000000000035e-02
6.093750000000000000e-01,4.218750000000000000e-01,4.324999999999999852e-03,1.627500000000000127e-02
5.703125000000000000e-01,3.906250000000000000e-01,3.075000000000000042e-03,2.899999999999999800e-03
5.625000000000000000e-01,3.906250000000000000e-01,3.275000000000000133e-03,2.125000000000000153e-03
5.703125000000000000e-01,3.515625000000000000e-01,3.599999999999999901e-03,5.125000000000000215e-03
5.390625000000000000e-01,3.750000000000000000e-01,3.075000000000000042e-03,7.774999999999999793e-03
5.156250000000000000e-01,3.750000000000000000e-01,3.625000000000000184e-03,9.749999999999999986e-03
4.765625000000000000e-01,3.906250000000000000e-01,4.349999999999999700e-03,1.030000000000000013e-02
6.328125000000000000e-01,5.859375000000000000e-01,7.324999999999999914e-03,3.459999999999999881e-02
4.140625000000000000e-01,3.593750000000000000e-01,5.000000000000000104e-04,2.299999999999999961e-02
6.171875000000000000e-01,5.078125000000000000e-01,6.550000000000000266e-03,2.847500000000000031e-02
5.703125000000000000e-01,4.062500000000000000e-01,5.125000000000000215e-03,3.524999999999999922e-03
5.625000000000000000e-01,3.984375000000000000e-01,4.125000000000000194e-03,1.949999999999999910e-03
5.703125000000000000e-01,3.984375000000000000e-01,2.949999999999999931e-03,3.824999999999999841e-03
5.390625000000000000e-01,3.046875000000000000e-01,3.700000000000000164e-03,8.375000000000000500e-03
5.234375000000000000e-01,3.828125000000000000e-01,2.224999999999999981e-03,3.824999999999999841e-03
4.765625000000000000e-01,3.828125000000000000e-01,4.024999999999999932e-03,5.575000000000000094e-03
5.781250000000000000e-01,5.234375000000000000e-01,3.249999999999999851e-03,1.917500000000000107e-02
4.218750000000000000e-01,3.281250000000000000e-01,6.250000000000000130e-04,2.775000000000000123e-03
5.390625000000000000e-01,4.062500000000000000e-01,3.200000000000000153e-03,6.499999999999999702e-03
5.156250000000000000e-01,3.906250000000000000e-01,3.125000000000000173e-03,2.599999999999999881e-03
5.078125000000000000e-01,3.750000000000000000e-01,3.249999999999999851e-03,3.674999999999999881e-03
5.156250000000000000e-01,3.906250000000000000e-01,3.550000000000000204e-03,1.675000000000000057e-03
4.843750000000000000e-01,4.609375000000000000e-01,2.350000000000000092e-03,4.550000000000000225e-03
5.703125000000000000e-01,5.390625000000000000e-01,3.775000000000000144e-03,1.050000000000000065e-02
4.453125000000000000e-01,3.828125000000000000e-01,1.000000000000000048e-04,2.850000000000000103e-03
4.218750000000000000e-01,3.046875000000000000e-01,3.799999999999999992e-03,6.575000000000000115e-03
6.171875000000000000e-01,5.234375000000000000e-01,5.825000000000000316e-03,2.220000000000000098e-02
4.062500000000000000e-01,3.125000000000000000e-01,6.250000000000000130e-04,5.150000000000000064e-03
5.703125000000000000e-01,3.515625000000000000e-01,4.550000000000000225e-03,3.674999999999999881e-03
5.390625000000000000e-01,3.750000000000000000e-01,3.099999999999999891e-03,1.425000000000000051e-03
5.312500000000000000e-01,3.828125000000000000e-01,2.925000000000000083e-03,4.850000000000000144e-03
5.390625000000000000e-01,3.906250000000000000e-01,3.700000000000000164e-03,1.149999999999999981e-03
5.234375000000000000e-01,3.515625000000000000e-01,2.899999999999999800e-03,4.825000000000000296e-03
6.093750000000000000e-01,4.296875000000000000e-01,3.200000000000000153e-03,2.374999999999999941e-03
4.765625000000000000e-01,2.734375000000000000e-01,4.749999999999999990e-04,2.625000000000000163e-03
4.453125000000000000e-01,2.578125000000000000e-01,3.075000000000000042e-03,9.499999999999999981e-04
6.093750000000000000e-01,4.609375000000000000e-01,4.950000000000000407e-03,2.322499999999999912e-02
3.906250000000000000e-01,2.421875000000000000e-01,7.499999999999999343e-05,2.667500000000000079e-02
5.781250000000000000e-01,4.062500000000000000e-01,4.174999999999999892e-03,1.434999999999999991e-02
5.390625000000000000e-01,3.906250000000000000e-01,3.150000000000000022e-03,2.724999999999999992e-03
5.312500000000000000e-01,3.593750000000000000e-01,3.275000000000000133e-03,6.575000000000000115e-03
5.390625000000000000e-01,3.437500000000000000e-01,3.174999999999999871e-03,3.850000000000000124e-03
5.156250000000000000e-01,4.062500000000000000e-01,3.874999999999999972e-03,1.307499999999999982e-02
4.843750000000000000e-01,4.062500000000000000e-01,3.625000000000000184e-03,3.775000000000000144e-03
4.453125000000000000e-01,4.140625000000000000e-01,3.650000000000000033e-03,1.100000000000000066e-03
6.093750000000000000e-01,6.562500000000000000e-01,4.649999999999999620e-03,2.970000000000000070e-02
3.671875000000000000e-01,4.531250000000000000e-01,8.000000000000000383e-04,7.774999999999999793e-03
5.781250000000000000e-01,3.984375000000000000e-01,4.199999999999999740e-03,7.599999999999999985e-03
5.546875000000000000e-01,4.140625000000000000e-01,4.224999999999999589e-03,3.125000000000000173e-03
5.468750000000000000e-01,3.828125000000000000e-01,3.024999999999999911e-03,1.949999999999999910e-03
5.546875000000000000e-01,4.218750000000000000e-01,3.324999999999999831e-03,4.799999999999999580e-03
5.156250000000000000e-01,4.531250000000000000e-01,2.799999999999999972e-03,1.014999999999999930e-02
4.843750000000000000e-01,4.687500000000000000e-01,3.299999999999999982e-03,4.324999999999999852e-03
4.609375000000000000e-01,4.375000000000000000e-01,3.099999999999999891e-03,4.649999999999999620e-03
5.546875000000000000e-01,5.781250000000000000e-01,3.275000000000000133e-03,1.727499999999999869e-02
3.906250000000000000e-01,4.531250000000000000e-01,1.250000000000000026e-04,2.775000000000000123e-03
5.156250000000000000e-01,5.156250000000000000e-01,3.449999999999999942e-03,6.300000000000000044e-03
4.843750000000000000e-01,5.156250000000000000e-01,3.050000000000000194e-03,2.874999999999999951e-03
4.765625000000000000e-01,5.078125000000000000e-01,3.299999999999999982e-03,4.700000000000000185e-03
4.843750000000000000e-01,5.390625000000000000e-01,3.299999999999999982e-03,1.874999999999999931e-03
4.609375000000000000e-01,5.312500000000000000e-01,2.674999999999999861e-03,3.975000000000000235e-03
4.218750000000000000e-01,5.156250000000000000e-01,3.275000000000000133e-03,3.350000000000000113e-03
3.906250000000000000e-01,5.156250000000000000e-01,3.050000000000000194e-03,4.049999999999999781e-03
3.671875000000000000e-01,5.078125000000000000e-01,3.150000000000000022e-03,8.349999999999999784e-03
6.171875000000000000e-01,6.562500000000000000e-01,2.750000000000000166e-04,2.674999999999999947e-02
5.781250000000000000e-01,4.921875000000000000e-01,3.474999999999999790e-03,3.099999999999999891e-03
5.546875000000000000e-01,5.078125000000000000e-01,3.275000000000000133e-03,4.049999999999999781e-03
5.468750000000000000e-01,4.843750000000000000e-01,3.150000000000000022e-03,2.224999999999999981e-03
5.546875000000000000e-01,5.781250000000000000e-01,3.625000000000000184e-03,3.850000000000000124e-03
5.234375000000000000e-01,5.312500000000000000e-01,2.874999999999999951e-03,9.374999999999999653e-03
4.843750000000000000e-01,6.250000000000000000e-01,3.125000000000000173e-03,6.825000000000000337e-03
4.609375000000000000e-01,5.078125000000000000e-01,2.724999999999999992e-03,2.700000000000000143e-03
5.546875000000000000e-01,6.406250000000000000e-01,3.000000000000000062e-03,1.650000000000000078e-02
4.296875000000000000e-01,5.781250000000000000e-01,2.999999999999999737e-04,9.374999999999999653e-03
5.234375000000000000e-01,5.468750000000000000e-01,3.000000000000000062e-03,1.110000000000000049e-02
5.000000000000000000e-01,5.468750000000000000e-01,3.000000000000000062e-03,3.225000000000000002e-03
4.531250000000000000e-01,5.781250000000000000e-01,3.249999999999999851e-03,2.449999999999999921e-03
4.609375000000000000e-01,6.328125000000000000e-01,3.150000000000000022e-03,4.024999999999999932e-03
4.296875000000000000e-01,6.093750000000000000e-01,3.050000000000000194e-03,2.650000000000000012e-03
4.062500000000000000e-01,5.781250000000000000e-01,3.075000000000000042e-03,3.275000000000000133e-03
3.671875000000000000e-01,6.015625000000000000e-01,3.225000000000000002e-03,4.749999999999999882e-03
6.250000000000000000e-01,6.796875000000000000e-01,4.375000000000000416e-03,2.622499999999999831e-02
3.828125000000000000e-01,6.093750000000000000e-01,5.000000000000000240e-05,8.099999999999999561e-03
6.015625000000000000e-01,5.390625000000000000e-01,4.499999999999999660e-03,5.825000000000000316e-03
5.703125000000000000e-01,5.703125000000000000e-01,3.200000000000000153e-03,2.850000000000000103e-03
5.625000000000000000e-01,5.781250000000000000e-01,2.824999999999999820e-03,2.850000000000000103e-03
5.703125000000000000e-01,5.781250000000000000e-01,2.799999999999999972e-03,2.625000000000000163e-03
5.546875000000000000e-01,6.015625000000000000e-01,2.850000000000000103e-03,6.825000000000000337e-03
5.312500000000000000e-01,5.781250000000000000e-01,3.575000000000000053e-03,2.674999999999999861e-03
4.765625000000000000e-01,5.625000000000000000e-01,2.949999999999999931e-03,1.000000000000000021e-03
5.546875000000000000e-01,6.250000000000000000e-01,3.350000000000000113e-03,2.799999999999999972e-03
3.828125000000000000e-01,4.921875000000000000e-01,4.499999999999999877e-04,1.192499999999999984e-02
5.312500000000000000e-01,5.546875000000000000e-01,2.674999999999999861e-03,2.650000000000000012e-03
5.546875000000000000e-01,3.125000000000000000e-01,7.499999999999999343e-05,1.467500000000000054e-02
5.078125000000000000e-01,5.078125000000000000e-01,3.000000000000000062e-03,2.899999999999999800e-03
4.921875000000000000e-01,5.703125000000000000e-01,2.775000000000000123e-03,3.599999999999999901e-03
5.078125000000000000e-01,5.625000000000000000e-01,3.524999999999999922e-03,3.650000000000000033e-03
4.609375000000000000e-01,6.562500000000000000e-01,3.399999999999999811e-03,7.000000000000000146e-03
4.375000000000000000e-01,6.250000000000000000e-01,3.524999999999999922e-03,3.899999999999999821e-03
4.140625000000000000e-01,6.171875000000000000e-01,3.174999999999999871e-03,1.224999999999999960e-03
6.328125000000000000e-01,7.187500000000000000e-01,4.449999999999999963e-03,4.972499999999999837e-02
2.890625000000000000e-01,6.953125000000000000e-01,3.499999999999999964e-04,5.199999999999999761e-03
6.093750000000000000e-01,5.859375000000000000e-01,4.150000000000000043e-03,2.440000000000000155e-02
5.703125000000000000e-01,5.703125000000000000e-01,3.299999999999999982e-03,3.275000000000000133e-03
5.625000000000000000e-01,6.015625000000000000e-01,3.125000000000000173e-03,2.475000000000000203e-03
5.703125000000000000e-01,5.703125000000000000e-01,3.150000000000000022e-03,3.950000000000000386e-03
5.390625000000000000e-01,5.625000000000000000e-01,3.174999999999999871e-03,1.007500000000000062e-02
5.156250000000000000e-01,5.703125000000000000e-01,3.174999999999999871e-03,2.799999999999999972e-03
4.765625000000000000e-01,5.937500000000000000e-01,2.949999999999999931e-03,1.025000000000000086e-03
5.703125000000000000e-01,6.406250000000000000e-01,3.749999999999999861e-03,2.344999999999999862e-02
3.828125000000000000e-01,6.171875000000000000e-01,1.749999999999999982e-04,7.249999999999999500e-04
5.390625000000000000e-01,5.468750000000000000e-01,3.299999999999999982e-03,1.764999999999999902e-02
5.156250000000000000e-01,5.390625000000000000e-01,3.150000000000000022e-03,2.650000000000000012e-03
5.078125000000000000e-01,5.625000000000000000e-01,2.700000000000000143e-03,2.200000000000000133e-03
5.156250000000000000e-01,5.781250000000000000e-01,3.674999999999999881e-03,6.975000000000000297e-03
4.765625000000000000e-01,5.703125000000000000e-01,3.374999999999999962e-03,6.799999999999999621e-03
4.453125000000000000e-01,5.546875000000000000e-01,3.275000000000000133e-03,3.374999999999999962e-03
4.218750000000000000e-01,5.859375000000000000e-01,2.899999999999999800e-03,8.999999999999999754e-04
6.328125000000000000e-01,7.031250000000000000e-01,4.749999999999999882e-03,2.645000000000000129e-02
3.281250000000000000e-01,7.031250000000000000e-01,2.500000000000000120e-05,1.474999999999999966e-03
6.093750000000000000e-01,5.703125000000000000e-01,3.824999999999999841e-03,3.364999999999999936e-02
5.703125000000000000e-01,5.156250000000000000e-01,3.249999999999999851e-03,2.850000000000000103e-03
5.625000000000000000e-01,5.703125000000000000e-01,3.024999999999999911e-03,2.925000000000000083e-03
5.703125000000000000e-01,5.703125000000000000e-01,3.500000000000000073e-03,3.249999999999999851e-03
5.390625000000000000e-01,5.078125000000000000e-01,3.200000000000000153e-03,8.925000000000000641e-03
5.156250000000000000e-01,6.093750000000000000e-01,3.000000000000000062e-03,3.075000000000000042e-03
4.765625000000000000e-01,5.781250000000000000e-01,2.599999999999999881e-03,4.575000000000000074e-03
5.781250000000000000e-01,6.406250000000000000e-01,3.324999999999999831e-03,1.927500000000000047e-02
4.218750000000000000e-01,5.078125000000000000e-01,5.000000000000000240e-05,2.449999999999999921e-03
5.390625000000000000e-01,5.468750000000000000e-01,3.024999999999999911e-03,5.749999999999999903e-03
5.156250000000000000e-01,5.078125000000000000e-01,3.174999999999999871e-03,2.524999999999999901e-03
5.078125000000000000e-01,3.515625000000000000e-01,3.150000000000000022e-03,3.674999999999999881e-03
5.156250000000000000e-01,4.531250000000000000e-01,2.949999999999999931e-03,2.475000000000000203e-03
4.843750000000000000e-01,4.765625000000000000e-01,3.399999999999999811e-03,4.150000000000000043e-03
5.703125000000000000e-01,6.796875000000000000e-01,3.524999999999999922e-03,1.422499999999999980e-02
4.453125000000000000e-01,5.000000000000000000e-01,4.249999999999999763e-04,2.475000000000000203e-03
4.218750000000000000e-01,5.312500000000000000e-01,2.475000000000000203e-03,6.499999999999999702e-04
6.484375000000000000e-01,6.796875000000000000e-01,5.649999999999999641e-03,1.432499999999999919e-02
3.281250000000000000e-01,6.171875000000000000e-01,1.499999999999999869e-04,3.225000000000000002e-03
6.250000000000000000e-01,6.406250000000000000e-01,4.700000000000000185e-03,4.774999999999999731e-03
6.015625000000000000e-01,6.484375000000000000e-01,3.550000000000000204e-03,6.825000000000000337e-03
5.625000000000000000e-01,5.000000000000000000e-01,2.674999999999999861e-03,3.000000000000000062e-03
6.328125000000000000e-01,6.093750000000000000e-01,3.449999999999999942e-03,1.055000000000000035e-02
5.703125000000000000e-01,5.078125000000000000e-01,6.250000000000000130e-04,3.799999999999999992e-03
6.093750000000000000e-01,6.640625000000000000e-01,3.725000000000000012e-03,6.774999999999999772e-03
5.390625000000000000e-01,4.453125000000000000e-01,4.499999999999999877e-04,3.024999999999999911e-03
5.703125000000000000e-01,6.562500000000000000e-01,2.650000000000000012e-03,4.125000000000000194e-03
5.156250000000000000e-01,5.546875000000000000e-01,2.000000000000000096e-04,4.150000000000000043e-03
5.390625000000000000e-01,5.390625000000000000e-01,3.050000000000000194e-03,7.249999999999999500e-04
4.765625000000000000e-01,5.625000000000000000e-01,2.750000000000000166e-04,1.325000000000000006e-03
3.671875000000000000e-01,5.156250000000000000e-01,5.924999999999999711e-03,7.049999999999999843e-03
5.703125000000000000e-01,6.406250000000000000e-01,7.499999999999999343e-05,1.919999999999999832e-02
5.390625000000000000e-01,4.609375000000000000e-01,4.250000000000000305e-03,5.875000000000000014e-03
5.156250000000000000e-01,5.312500000000000000e-01,3.125000000000000173e-03,3.275000000000000133e-03
5.078125000000000000e-01,5.468750000000000000e-01,3.000000000000000062e-03,3.275000000000000133e-03
5.156250000000000000e-01,5.781250000000000000e-01,3.174999999999999871e-03,6.300000000000000044e-03
4.921875000000000000e-01,5.156250000000000000e-01,2.749999999999999840e-03,4.324999999999999852e-03
5.546875000000000000e-01,6.484375000000000000e-01,3.350000000000000113e-03,1.209999999999999964e-02
4.609375000000000000e-01,3.906250000000000000e-01,9.749999999999999552e-04,3.474999999999999790e-03
4.453125000000000000e-01,4.453125000000000000e-01,2.975000000000000214e-03,8.249999999999999955e-04
6.250000000000000000e-01,5.937500000000000000e-01,6.949999999999999581e-03,1.774999999999999842e-02
3.125000000000000000e-01,4.531250000000000000e-01,6.250000000000000130e-04,7.649999999999999682e-03
5.937500000000000000e-01,4.296875000000000000e-01,4.224999999999999589e-03,3.700000000000000164e-03
5.546875000000000000e-01,4.921875000000000000e-01,3.249999999999999851e-03,2.749999999999999840e-03
5.468750000000000000e-01,5.390625000000000000e-01,2.524999999999999901e-03,1.675000000000000057e-03
5.546875000000000000e-01,5.312500000000000000e-01,3.275000000000000133e-03,2.700000000000000143e-03
5.312500000000000000e-01,5.937500000000000000e-01,2.599999999999999881e-03,3.799999999999999992e-03
5.546875000000000000e-01,5.703125000000000000e-01,3.024999999999999911e-03,6.649999999999999661e-03
5.000000000000000000e-01,3.359375000000000000e-01,2.249999999999999938e-04,1.600000000000000077e-03
4.609375000000000000e-01,3.593750000000000000e-01,2.000000000000000042e-03,6.999999999999999929e-04
3.515625000000000000e-01,5.156250000000000000e-01,4.449999999999999963e-03,7.500000000000000156e-04
5.937500000000000000e-01,5.234375000000000000e-01,5.000000000000000240e-05,4.275000000000000154e-03
5.703125000000000000e-01,4.687500000000000000e-01,2.999999999999999737e-04,1.925000000000000062e-03
5.390625000000000000e-01,4.453125000000000000e-01,2.925000000000000083e-03,3.924999999999999670e-03
5.703125000000000000e-01,5.078125000000000000e-01,3.000000000000000062e-03,7.249999999999999500e-04
5.000000000000000000e-01,4.375000000000000000e-01,5.749999999999999903e-04,2.200000000000000133e-03
4.765625000000000000e-01,4.218750000000000000e-01,2.850000000000000103e-03,1.224999999999999960e-03
6.328125000000000000e-01,5.390625000000000000e-01,2.824999999999999820e-03,7.575000000000000136e-03
5.781250000000000000e-01,5.390625000000000000e-01,2.500000000000000120e-05,2.975000000000000214e-03
6.093750000000000000e-01,5.000000000000000000e-01,1.499999999999999869e-04,3.399999999999999811e-03
5.390625000000000000e-01,5.390625000000000000e-01,3.000000000000000062e-03,9.799999999999999684e-03
5.156250000000000000e-01,3.984375000000000000e-01,2.850000000000000103e-03,2.275000000000000112e-03
5.781250000000000000e-01,5.156250000000000000e-01,5.500000000000000331e-04,1.325000000000000006e-03
6.093750000000000000e-01,5.312500000000000000e-01,7.499999999999999343e-05,1.649999999999999991e-03
4.843750000000000000e-01,4.765625000000000000e-01,1.975000000000000193e-03,5.249999999999999676e-04
5.937500000000000000e-01,5.468750000000000000e-01,4.749999999999999882e-03,1.017500000000000002e-02
5.703125000000000000e-01,5.078125000000000000e-01,5.000000000000000240e-05,1.082499999999999955e-02
2.578125000000000000e-01,5.390625000000000000e-01,1.499999999999999869e-04,9.749999999999999552e-04
5.390625000000000000e-01,4.843750000000000000e-01,3.225000000000000002e-03,6.550000000000000266e-03
5.000000000000000000e-01,5.156250000000000000e-01,2.975000000000000214e-03,2.200000000000000133e-03
4.921875000000000000e-01,5.000000000000000000e-01,3.024999999999999911e-03,2.099999999999999870e-03
5.000000000000000000e-01,5.468750000000000000e-01,2.975000000000000214e-03,4.324999999999999852e-03
4.765625000000000000e-01,5.468750000000000000e-01,3.174999999999999871e-03,3.449999999999999942e-03
6.640625000000000000e-01,6.328125000000000000e-01,2.575000000000000032e-03,1.399999999999999986e-03
4.453125000000000000e-01,5.078125000000000000e-01,2.000000000000000096e-04,2.899999999999999800e-03
5.937500000000000000e-01,5.859375000000000000e-01,0.000000000000000000e+00,1.350000000000000071e-03
4.062500000000000000e-01,3.984375000000000000e-01,2.749999999999999840e-03,6.999999999999999929e-04
3.906250000000000000e-01,5.234375000000000000e-01,3.500000000000000073e-03,2.050000000000000173e-03
6.093750000000000000e-01,5.625000000000000000e-01,5.000000000000000240e-05,9.775000000000000702e-03
5.781250000000000000e-01,5.625000000000000000e-01,3.249999999999999851e-03,5.725000000000000054e-03
5.390625000000000000e-01,5.078125000000000000e-01,3.399999999999999811e-03,1.624999999999999925e-03
5.312500000000000000e-01,4.765625000000000000e-01,2.550000000000000183e-03,1.949999999999999910e-03
5.390625000000000000e-01,4.687500000000000000e-01,3.200000000000000153e-03,2.449999999999999921e-03
5.156250000000000000e-01,5.546875000000000000e-01,2.125000000000000153e-03,2.000000000000000042e-03
5.000000000000000000e-01,3.046875000000000000e-01,2.224999999999999981e-03,3.225000000000000002e-03
5.390625000000000000e-01,4.687500000000000000e-01,7.749999999999999728e-04,1.899999999999999996e-03
6.640625000000000000e-01,6.093750000000000000e-01,2.500000000000000120e-05,1.500000000000000031e-03
5.937500000000000000e-01,5.625000000000000000e-01,2.249999999999999938e-04,1.575000000000000011e-03
4.765625000000000000e-01,4.453125000000000000e-01,3.750000000000000078e-04,2.524999999999999901e-03
4.453125000000000000e-01,4.609375000000000000e-01,2.275000000000000112e-03,7.249999999999999500e-04
3.906250000000000000e-01,5.468750000000000000e-01,3.575000000000000053e-03,8.249999999999999955e-04
6.093750000000000000e-01,6.093750000000000000e-01,2.500000000000000120e-05,7.675000000000000398e-03
5.781250000000000000e-01,5.468750000000000000e-01,2.850000000000000103e-03,4.100000000000000346e-03
5.390625000000000000e-01,5.625000000000000000e-01,2.824999999999999820e-03,1.374999999999999920e-03
5.312500000000000000e-01,4.687500000000000000e-01,3.050000000000000194e-03,1.899999999999999996e-03
5.390625000000000000e-01,4.843750000000000000e-01,3.050000000000000194e-03,1.975000000000000193e-03
5.156250000000000000e-01,5.000000000000000000e-01,2.399999999999999790e-03,3.249999999999999851e-03
6.718750000000000000e-01,5.937500000000000000e-01,2.425000000000000072e-03,2.749999999999999840e-03
5.546875000000000000e-01,4.453125000000000000e-01,2.500000000000000052e-04,2.500000000000000052e-03
6.093750000000000000e-01,5.703125000000000000e-01,0.000000000000000000e+00,3.075000000000000042e-03
4.843750000000000000e-01,4.687500000000000000e-01,8.249999999999999955e-04,2.899999999999999800e-03
4.609375000000000000e-01,5.312500000000000000e-01,2.374999999999999941e-03,6.999999999999999929e-04
6.484375000000000000e-01,5.468750000000000000e-01,2.799999999999999972e-03,5.875000000000000014e-03
6.250000000000000000e-01,5.234375000000000000e-01,7.499999999999999343e-05,2.850000000000000103e-03
5.781250000000000000e-01,5.859375000000000000e-01,2.724999999999999992e-03,3.275000000000000133e-03
6.250000000000000000e-01,5.781250000000000000e-01,2.749999999999999840e-03,1.449999999999999900e-03
5.546875000000000000e-01,4.375000000000000000e-01,3.249999999999999851e-04,2.749999999999999840e-03
5.312500000000000000e-01,4.921875000000000000e-01,3.000000000000000062e-03,1.925000000000000062e-03
6.328125000000000000e-01,5.234375000000000000e-01,2.599999999999999881e-03,6.750000000000000357e-04
5.703125000000000000e-01,5.078125000000000000e-01,2.000000000000000096e-04,8.249999999999999955e-04
5.390625000000000000e-01,5.000000000000000000e-01,1.000000000000000048e-04,1.750000000000000036e-03
5.000000000000000000e-01,4.765625000000000000e-01,2.850000000000000103e-03,2.874999999999999951e-03
5.859375000000000000e-01,5.390625000000000000e-01,2.850000000000000103e-03,1.199999999999999895e-03
5.156250000000000000e-01,5.546875000000000000e-01,7.499999999999999343e-05,1.100000000000000066e-03
4.609375000000000000e-01,3.828125000000000000e-01,2.500000000000000052e-04,2.824999999999999820e-03
4.453125000000000000e-01,5.156250000000000000e-01,2.150000000000000001e-03,8.499999999999999526e-04
5.937500000000000000e-01,5.546875000000000000e-01,4.199999999999999740e-03,1.370000000000000037e-02
4.062500000000000000e-01,5.000000000000000000e-01,1.000000000000000048e-04,4.799999999999999580e-03
5.546875000000000000e-01,4.375000000000000000e-01,3.225000000000000002e-03,4.825000000000000296e-03
5.312500000000000000e-01,5.234375000000000000e-01,3.350000000000000113e-03,2.975000000000000214e-03
5.000000000000000000e-01,5.781250000000000000e-01,2.425000000000000072e-03,4.825000000000000296e-03
5.546875000000000000e-01,4.765625000000000000e-01,2.975000000000000214e-03,2.899999999999999800e-03
5.312500000000000000e-01,4.531250000000000000e-01,2.350000000000000092e-03,6.250000000000000130e-04
5.000000000000000000e-01,3.671875000000000000e-01,2.775000000000000123e-03,3.650000000000000033e-03
6.640625000000000000e-01,6.406250000000000000e-01,4.000000000000000192e-04,7.749999999999999728e-04
4.453125000000000000e-01,3.984375000000000000e-01,2.500000000000000120e-05,3.099999999999999891e-03
5.937500000000000000e-01,6.093750000000000000e-01,1.250000000000000026e-04,7.249999999999999500e-04
4.765625000000000000e-01,5.156250000000000000e-01,3.024999999999999911e-03,6.250000000000000130e-04
6.093750000000000000e-01,6.328125000000000000e-01,3.899999999999999821e-03,5.275000000000000175e-03
3.906250000000000000e-01,5.078125000000000000e-01,4.749999999999999990e-04,3.449999999999999942e-03
5.781250000000000000e-01,6.015625000000000000e-01,2.749999999999999840e-03,2.000000000000000042e-03
5.390625000000000000e-01,5.937500000000000000e-01,2.874999999999999951e-03,2.425000000000000072e-03
5.156250000000000000e-01,5.468750000000000000e-01,2.350000000000000092e-03,6.750000000000000357e-04
3.671875000000000000e-01,5.000000000000000000e-01,3.899999999999999821e-03,2.399999999999999790e-03
6.718750000000000000e-01,7.031250000000000000e-01,1.499999999999999869e-04,3.924999999999999670e-03
6.093750000000000000e-01,3.437500000000000000e-01,1.025000000000000086e-03,3.374999999999999962e-03
5.781250000000000000e-01,5.234375000000000000e-01,2.674999999999999861e-03,6.999999999999999929e-04
5.546875000000000000e-01,4.921875000000000000e-01,2.475000000000000203e-03,2.824999999999999820e-03
5.156250000000000000e-01,4.765625000000000000e-01,2.850000000000000103e-03,6.750000000000000357e-04
6.250000000000000000e-01,5.546875000000000000e-01,3.674999999999999881e-03,1.617499999999999841e-02
4.062500000000000000e-01,4.062500000000000000e-01,1.000000000000000021e-03,3.725000000000000012e-03
5.937500000000000000e-01,4.843750000000000000e-01,2.575000000000000032e-03,1.225000000000000047e-02
5.546875000000000000e-01,4.843750000000000000e-01,2.775000000000000123e-03,8.925000000000000641e-03
5.312500000000000000e-01,4.765625000000000000e-01,2.899999999999999800e-03,1.975000000000000193e-03
5.000000000000000000e-01,4.843750000000000000e-01,3.075000000000000042e-03,3.599999999999999901e-03
4.609375000000000000e-01,4.687500000000000000e-01,3.374999999999999962e-03,2.024999999999999890e-03
4.375000000000000000e-01,4.062500000000000000e-01,2.874999999999999951e-03,3.075000000000000042e-03
4.062500000000000000e-01,4.531250000000000000e-01,2.374999999999999941e-03,8.249999999999999955e-04
3.515625000000000000e-01,4.843750000000000000e-01,3.524999999999999922e-03,8.999999999999999754e-04
4.453125000000000000e-01,5.156250000000000000e-01,1.749999999999999982e-04,3.650000000000000033e-03
4.765625000000000000e-01,5.625000000000000000e-01,3.650000000000000033e-03,1.600000000000000077e-03
5.000000000000000000e-01,5.703125000000000000e-01,2.050000000000000173e-03,2.700000000000000143e-03
5.390625000000000000e-01,5.859375000000000000e-01,2.874999999999999951e-03,3.500000000000000073e-03
5.156250000000000000e-01,6.640625000000000000e-01,3.024999999999999911e-03,5.150000000000000064e-03
3.906250000000000000e-01,6.250000000000000000e-01,2.500000000000000120e-05,4.975000000000000255e-03
5.390625000000000000e-01,6.171875000000000000e-01,3.024999999999999911e-03,4.224999999999999589e-03
5.781250000000000000e-01,6.406250000000000000e-01,2.700000000000000143e-03,4.624999999999999771e-03
6.093750000000000000e-01,6.796875000000000000e-01,2.975000000000000214e-03,3.200000000000000153e-03
4.062500000000000000e-01,5.546875000000000000e-01,2.775000000000000123e-03,1.025000000000000086e-03
5.000000000000000000e-01,6.015625000000000000e-01,3.499999999999999964e-04,3.950000000000000386e-03
5.312500000000000000e-01,6.093750000000000000e-01,3.899999999999999821e-03,2.850000000000000103e-03
5.546875000000000000e-01,5.859375000000000000e-01,2.599999999999999881e-03,3.650000000000000033e-03
5.937500000000000000e-01,5.937500000000000000e-01,2.775000000000000123e-03,1.799999999999999951e-03
5.000000000000000000e-01,6.250000000000000000e-01,2.575000000000000032e-03,1.250000000000000026e-03
4.609375000000000000e-01,6.093750000000000000e-01,2.700000000000000143e-03,2.899999999999999800e-03
3.906250000000000000e-01,5.546875000000000000e-01,2.275000000000000112e-03,1.825000000000000016e-03
4.375000000000000000e-01,6.562500000000000000e-01,2.249999999999999938e-04,2.224999999999999981e-03
4.062500000000000000e-01,6.718750000000000000e-01,2.650000000000000012e-03,1.374999999999999920e-03
5.390625000000000000e-01,6.484375000000000000e-01,3.975000000000000235e-03,7.575000000000000136e-03
3.828125000000000000e-01,5.625000000000000000e-01,5.500000000000000331e-04,7.675000000000000398e-03
5.000000000000000000e-01,5.546875000000000000e-01,3.324999999999999831e-03,4.024999999999999932e-03
4.765625000000000000e-01,6.171875000000000000e-01,2.899999999999999800e-03,2.275000000000000112e-03
4.453125000000000000e-01,6.093750000000000000e-01,2.724999999999999992e-03,5.999999999999999474e-04
3.750000000000000000e-01,5.000000000000000000e-01,4.275000000000000154e-03,5.899999999999999863e-03
6.093750000000000000e-01,7.187500000000000000e-01,2.500000000000000052e-04,8.600000000000000006e-03
5.859375000000000000e-01,6.640625000000000000e-01,3.474999999999999790e-03,5.449999999999999983e-03
4.218750000000000000e-01,4.765625000000000000e-01,3.249999999999999851e-04,4.624999999999999771e-03
5.390625000000000000e-01,5.859375000000000000e-01,2.674999999999999861e-03,6.624999999999999813e-03
4.453125000000000000e-01,5.468750000000000000e-01,1.749999999999999982e-04,2.550000000000000183e-03
5.156250000000000000e-01,6.562500000000000000e-01,2.650000000000000012e-03,1.699999999999999905e-03
4.921875000000000000e-01,6.015625000000000000e-01,1.499999999999999869e-04,2.350000000000000092e-03
6.015625000000000000e-01,7.109375000000000000e-01,3.674999999999999881e-03,1.640000000000000138e-02
3.828125000000000000e-01,5.625000000000000000e-01,2.750000000000000166e-04,1.892500000000000085e-02
4.140625000000000000e-01,4.921875000000000000e-01,3.249999999999999851e-03,9.775000000000000702e-03
5.703125000000000000e-01,5.859375000000000000e-01,0.000000000000000000e+00,1.512499999999999956e-02
4.375000000000000000e-01,5.546875000000000000e-01,2.575000000000000032e-03,7.174999999999999954e-03
5.312500000000000000e-01,6.484375000000000000e-01,7.500000000000000156e-04,1.222499999999999976e-02
5.078125000000000000e-01,6.562500000000000000e-01,2.000000000000000042e-03,1.299999999999999940e-03
4.765625000000000000e-01,5.312500000000000000e-01,6.999999999999999929e-04,2.399999999999999790e-03
5.078125000000000000e-01,6.484375000000000000e-01,2.125000000000000153e-03,5.700000000000000205e-03
4.765625000000000000e-01,6.171875000000000000e-01,2.824999999999999820e-03,3.425000000000000093e-03
4.375000000000000000e-01,5.859375000000000000e-01,3.200000000000000153e-03,2.425000000000000072e-03
4.140625000000000000e-01,5.859375000000000000e-01,2.200000000000000133e-03,1.224999999999999960e-03
4.218750000000000000e-01,7.656250000000000000e-01,3.975000000000000235e-03,2.075000000000000022e-03
3.281250000000000000e-01,6.562500000000000000e-01,1.250000000000000026e-04,1.250000000000000026e-03
4.453125000000000000e-01,5.937500000000000000e-01,3.725000000000000012e-03,2.374999999999999941e-03
4.296875000000000000e-01,6.250000000000000000e-02,8.000000000000000383e-04,1.649999999999999991e-03
4.765625000000000000e-01,6.796875000000000000e-01,1.750000000000000036e-03,2.949999999999999931e-03
5.156250000000000000e-01,6.796875000000000000e-01,2.850000000000000103e-03,3.775000000000000144e-03
5.703125000000000000e-01,6.562500000000000000e-01,2.975000000000000214e-03,5.499999999999999681e-03
5.390625000000000000e-01,5.937500000000000000e-01,2.249999999999999938e-04,4.624999999999999771e-03
5.156250000000000000e-01,6.796875000000000000e-01,2.850000000000000103e-03,2.674999999999999861e-03
3.828125000000000000e-01,6.796875000000000000e-01,2.874999999999999951e-03,1.224999999999999960e-03
4.765625000000000000e-01,6.328125000000000000e-01,5.000000000000000240e-05,1.399999999999999986e-03
4.375000000000000000e-01,6.328125000000000000e-01,2.799999999999999972e-03,1.724999999999999971e-03
4.218750000000000000e-01,7.187500000000000000e-01,3.524999999999999922e-03,1.474999999999999966e-03
3.281250000000000000e-01,5.781250000000000000e-01,1.749999999999999982e-04,5.999999999999999474e-04
3.437500000000000000e-01,2.968750000000000000e-01,7.749999999999999728e-04,1.000000000000000021e-03
4.453125000000000000e-01,6.406250000000000000e-01,2.075000000000000022e-03,1.575000000000000011e-03
4.765625000000000000e-01,6.953125000000000000e-01,2.500000000000000052e-03,1.850000000000000082e-03
5.390625000000000000e-01,6.484375000000000000e-01,2.775000000000000123e-03,3.500000000000000073e-03
6.093750000000000000e-01,7.187500000000000000e-01,2.775000000000000123e-03,2.625000000000000163e-03
5.703125000000000000e-01,5.703125000000000000e-01,5.000000000000000240e-05,3.975000000000000235e-03
5.390625000000000000e-01,6.250000000000000000e-01,2.500000000000000052e-03,2.249999999999999830e-03
5.156250000000000000e-01,6.562500000000000000e-01,2.775000000000000123e-03,1.224999999999999960e-03
3.828125000000000000e-01,6.875000000000000000e-01,2.999999999999999737e-04,5.975000000000000276e-03
4.765625000000000000e-01,6.328125000000000000e-01,2.524999999999999901e-03,1.624999999999999925e-03
4.218750000000000000e-01,7.343750000000000000e-01,2.975000000000000214e-03,9.749999999999999552e-04
3.281250000000000000e-01,7.109375000000000000e-01,7.499999999999999343e-05,1.175000000000000046e-03
5.390625000000000000e-01,6.328125000000000000e-01,0.000000000000000000e+00,1.699999999999999905e-03
5.156250000000000000e-01,6.015625000000000000e-01,2.750000000000000166e-04,1.975000000000000193e-03
4.765625000000000000e-01,6.328125000000000000e-01,2.874999999999999951e-03,1.600000000000000077e-03
3.828125000000000000e-01,6.718750000000000000e-01,2.599999999999999881e-03,7.249999999999999500e-04
2.890625000000000000e-01,6.015625000000000000e-01,1.000000000000000048e-04,8.000000000000000383e-04
5.312500000000000000e-01,5.703125000000000000e-01,1.749999999999999982e-04,3.249999999999999851e-03
5.078125000000000000e-01,5.859375000000000000e-01,2.500000000000000120e-05,2.125000000000000153e-03
4.765625000000000000e-01,6.328125000000000000e-01,2.550000000000000183e-03,1.825000000000000016e-03
4.218750000000000000e-01,6.328125000000000000e-01,2.350000000000000092e-03,7.749999999999999728e-04
3.281250000000000000e-01,7.109375000000000000e-01,2.500000000000000120e-05,8.000000000000000383e-04
5.390625000000000000e-01,6.250000000000000000e-01,2.000000000000000096e-04,1.549999999999999946e-03
5.156250000000000000e-01,5.703125000000000000e-01,1.749999999999999982e-04,1.675000000000000057e-03
4.765625000000000000e-01,5.937500000000000000e-01,2.625000000000000163e-03,1.525000000000000097e-03
2.890625000000000000e-01,6.796875000000000000e-01,2.275000000000000112e-03,6.999999999999999929e-04
3.828125000000000000e-01,6.718750000000000000e-01,0.000000000000000000e+00,6.499999999999999702e-04
5.312500000000000000e-01,5.937500000000000000e-01,2.249999999999999938e-04,2.150000000000000001e-03
5.546875000000000000e-01,6.328125000000000000e-01,7.499999999999999343e-05,4.224999999999999589e-03
4.765625000000000000e-01,6.250000000000000000e-01,2.749999999999999840e-03,2.024999999999999890e-03
4.218750000000000000e-01,7.187500000000000000e-01,3.575000000000000053e-03,1.395000000000000059e-02
3.281250000000000000e-01,7.109375000000000000e-01,2.500000000000000120e-05,1.377500000000000079e-02
5.703125000000000000e-01,6.875000000000000000e-01,0.000000000000000000e+00,4.749999999999999882e-03
5.390625000000000000e-01,6.015625000000000000e-01,1.000000000000000048e-04,4.599999999999999922e-03
4.765625000000000000e-01,6.562500000000000000e-01,3.099999999999999891e-03,1.925000000000000062e-03
5.546875000000000000e-01,6.406250000000000000e-01,2.949999999999999931e-03,4.425000000000000114e-03
5.312500000000000000e-01,6.562500000000000000e-01,2.500000000000000120e-05,3.474999999999999790e-03
4.765625000000000000e-01,6.562500000000000000e-01,2.524999999999999901e-03,2.099999999999999870e-03
5.390625000000000000e-01,6.171875000000000000e-01,2.674999999999999861e-03,2.374999999999999941e-03
5.703125000000000000e-01,6.875000000000000000e-01,0.000000000000000000e+00,3.350000000000000113e-03
4.765625000000000000e-01,6.484375000000000000e-01,2.724999999999999992e-03,1.325000000000000006e-03
3.281250000000000000e-01,6.328125000000000000e-01,3.099999999999999891e-03,2.874999999999999951e-03
4.218750000000000000e-01,7.031250000000000000e-01,0.000000000000000000e+00,2.075000000000000022e-03
5.937500000000000000e-01,7.265625000000000000e-01,5.000000000000000240e-05,8.125000000000000278e-03
5.468750000000000000e-01,6.484375000000000000e-01,2.500000000000000052e-04,6.949999999999999581e-03
5.156250000000000000e-01,6.640625000000000000e-01,3.775000000000000144e-03,2.350000000000000092e-03
5.781250000000000000e-01,7.578125000000000000e-01,4.649999999999999620e-03,1.917500000000000107e-02
3.671875000000000000e-01,7.265625000000000000e-01,2.750000000000000166e-04,4.150000000000000043e-03
2.734375000000000000e-01,6.640625000000000000e-01,2.500000000000000120e-05,2.674999999999999861e-03
2.890625000000000000e-01,9.375000000000000000e-02,3.599999999999999901e-03,1.275000000000000092e-03
5.546875000000000000e-01,6.250000000000000000e-01,2.999999999999999737e-04,8.174999999999999975e-03
5.234375000000000000e-01,6.328125000000000000e-01,2.824999999999999820e-03,3.299999999999999982e-03
4.765625000000000000e-01,6.015625000000000000e-01,2.625000000000000163e-03,2.599999999999999881e-03
4.843750000000000000e-01,6.796875000000000000e-01,3.150000000000000022e-03,2.625000000000000163e-03
4.609375000000000000e-01,6.640625000000000000e-01,2.625000000000000163e-03,2.500000000000000052e-03
5.937500000000000000e-01,7.265625000000000000e-01,2.775000000000000123e-03,9.974999999999999492e-03
5.234375000000000000e-01,7.265625000000000000e-01,7.499999999999999343e-05,9.450000000000000067e-03
5.468750000000000000e-01,7.031250000000000000e-01,7.499999999999999343e-05,8.574999999999999289e-03
4.296875000000000000e-01,5.859375000000000000e-01,2.500000000000000120e-05,3.350000000000000113e-03
3.906250000000000000e-01,6.406250000000000000e-01,2.550000000000000183e-03,1.199999999999999895e-03
3.125000000000000000e-01,6.875000000000000000e-01,5.875000000000000014e-03,1.275000000000000092e-03
5.781250000000000000e-01,7.187500000000000000e-01,5.000000000000000240e-05,1.175000000000000003e-02
5.546875000000000000e-01,6.406250000000000000e-01,3.425000000000000093e-03,7.474999999999999874e-03
5.234375000000000000e-01,5.781250000000000000e-01,2.775000000000000123e-03,6.825000000000000337e-03
4.765625000000000000e-01,6.093750000000000000e-01,1.649999999999999991e-03,2.874999999999999951e-03
4.843750000000000000e-01,6.406250000000000000e-01,3.500000000000000073e-03,3.249999999999999851e-03
4.609375000000000000e-01,5.703125000000000000e-01,2.799999999999999972e-03,4.850000000000000144e-03
5.234375000000000000e-01,7.031250000000000000e-01,2.749999999999999840e-03,7.849999999999999339e-03
4.296875000000000000e-01,5.156250000000000000e-01,3.750000000000000078e-04,2.275000000000000112e-03
3.906250000000000000e-01,6.015625000000000000e-01,1.775000000000000102e-03,6.999999999999999929e-04
2.890625000000000000e-01,7.343750000000000000e-01,5.799999999999999600e-03,1.350000000000000071e-03
5.703125000000000000e-01,6.875000000000000000e-01,0.000000000000000000e+00,9.599999999999999159e-03
5.390625000000000000e-01,5.937500000000000000e-01,1.000000000000000048e-04,5.400000000000000286e-03
5.156250000000000000e-01,6.250000000000000000e-01,3.275000000000000133e-03,7.774999999999999793e-03
4.765625000000000000e-01,6.015625000000000000e-01,2.749999999999999840e-03,2.125000000000000153e-03
4.687500000000000000e-01,5.703125000000000000e-01,2.749999999999999840e-03,2.500000000000000052e-03
5.703125000000000000e-01,6.953125000000000000e-01,3.075000000000000042e-03,9.299999999999999239e-03
5.390625000000000000e-01,6.015625000000000000e-01,5.000000000000000240e-05,8.999999999999999320e-03
4.765625000000000000e-01,6.093750000000000000e-01,2.750000000000000166e-04,3.399999999999999811e-03
4.453125000000000000e-01,6.250000000000000000e-01,2.799999999999999972e-03,3.500000000000000073e-03
4.218750000000000000e-01,6.406250000000000000e-01,2.975000000000000214e-03,3.399999999999999811e-03
3.828125000000000000e-01,6.875000000000000000e-01,3.125000000000000173e-03,5.850000000000000165e-03
5.703125000000000000e-01,7.343750000000000000e-01,3.874999999999999972e-03,9.549999999999999462e-03
5.546875000000000000e-01,6.953125000000000000e-01,1.000000000000000048e-04,6.400000000000000307e-03
5.312500000000000000e-01,5.937500000000000000e-01,3.799999999999999992e-03,9.724999999999999270e-03
5.078125000000000000e-01,6.406250000000000000e-01,3.075000000000000042e-03,5.725000000000000054e-03
4.687500000000000000e-01,6.015625000000000000e-01,2.749999999999999840e-03,2.949999999999999931e-03
5.703125000000000000e-01,7.187500000000000000e-01,3.299999999999999982e-03,5.174999999999999913e-03
5.546875000000000000e-01,6.093750000000000000e-01,7.499999999999999343e-05,5.150000000000000064e-03
4.765625000000000000e-01,6.562500000000000000e-01,5.000000000000000104e-04,4.624999999999999771e-03
4.375000000000000000e-01,6.250000000000000000e-01,3.374999999999999962e-03,4.125000000000000194e-03
4.140625000000000000e-01,5.859375000000000000e-01,3.299999999999999982e-03,3.275000000000000133e-03
3.828125000000000000e-01,6.015625000000000000e-01,2.775000000000000123e-03,9.749999999999999552e-04
5.703125000000000000e-01,7.031250000000000000e-01,4.799999999999999580e-03,1.777499999999999913e-02
4.765625000000000000e-01,7.031250000000000000e-01,1.749999999999999982e-04,4.400000000000000265e-03
5.390625000000000000e-01,5.859375000000000000e-01,0.000000000000000000e+00,1.682499999999999968e-02
2.890625000000000000e-01,7.265625000000000000e-01,2.000000000000000096e-04,2.925000000000000083e-03
5.156250000000000000e-01,5.859375000000000000e-01,4.125000000000000194e-03,1.315000000000000023e-02
4.765625000000000000e-01,6.484375000000000000e-01,3.650000000000000033e-03,2.050000000000000173e-03
4.687500000000000000e-01,6.250000000000000000e-01,3.225000000000000002e-03,3.874999999999999972e-03
4.765625000000000000e-01,6.406250000000000000e-01,3.924999999999999670e-03,3.374999999999999962e-03
4.453125000000000000e-01,6.406250000000000000e-01,3.725000000000000012e-03,4.649999999999999620e-03
4.218750000000000000e-01,6.328125000000000000e-01,4.024999999999999932e-03,3.950000000000000386e-03
3.828125000000000000e-01,6.093750000000000000e-01,3.824999999999999841e-03,6.049999999999999822e-03
3.281250000000000000e-01,7.109375000000000000e-01,5.425000000000000135e-03,5.875000000000000014e-03
6.328125000000000000e-01,7.734375000000000000e-01,2.500000000000000120e-05,3.202499999999999791e-02
5.390625000000000000e-01,6.796875000000000000e-01,1.000000000000000048e-04,8.325000000000000802e-03
6.093750000000000000e-01,5.703125000000000000e-01,5.700000000000000205e-03,2.819999999999999937e-02
5.703125000000000000e-01,5.781250000000000000e-01,4.049999999999999781e-03,3.324999999999999831e-03
5.625000000000000000e-01,6.406250000000000000e-01,3.125000000000000173e-03,2.625000000000000163e-03
5.703125000000000000e-01,5.937500000000000000e-01,3.225000000000000002e-03,3.099999999999999891e-03
5.390625000000000000e-01,6.171875000000000000e-01,3.050000000000000194e-03,1.232499999999999915e-02
5.156250000000000000e-01,6.093750000000000000e-01,3.150000000000000022e-03,3.725000000000000012e-03
4.765625000000000000e-01,5.546875000000000000e-01,2.824999999999999820e-03,7.174999999999999954e-03
4.218750000000000000e-01,4.687500000000000000e-01,5.324999999999999872e-03,5.275000000000000175e-03
5.781250000000000000e-01,6.875000000000000000e-01,4.249999999999999763e-04,2.094999999999999987e-02
5.390625000000000000e-01,4.609375000000000000e-01,5.425000000000000135e-03,6.125000000000000236e-03
5.156250000000000000e-01,4.609375000000000000e-01,3.299999999999999982e-03,2.749999999999999840e-03
5.078125000000000000e-01,4.843750000000000000e-01,3.174999999999999871e-03,3.650000000000000033e-03
5.156250000000000000e-01,4.921875000000000000e-01,3.099999999999999891e-03,2.550000000000000183e-03
4.843750000000000000e-01,5.312500000000000000e-01,3.225000000000000002e-03,3.150000000000000022e-03
5.703125000000000000e-01,6.250000000000000000e-01,2.775000000000000123e-03,9.400000000000000369e-03
4.453125000000000000e-01,4.531250000000000000e-01,8.999999999999999754e-04,3.200000000000000153e-03
4.218750000000000000e-01,4.453125000000000000e-01,3.524999999999999922e-03,4.499999999999999660e-03
6.484375000000000000e-01,6.484375000000000000e-01,3.874999999999999972e-03,1.654999999999999874e-02
4.140625000000000000e-01,4.765625000000000000e-01,2.750000000000000166e-04,9.299999999999999239e-03
6.250000000000000000e-01,5.078125000000000000e-01,4.100000000000000346e-03,4.024999999999999932e-03
5.703125000000000000e-01,5.000000000000000000e-01,3.674999999999999881e-03,2.874999999999999951e-03
5.625000000000000000e-01,5.625000000000000000e-01,2.899999999999999800e-03,2.449999999999999921e-03
5.703125000000000000e-01,5.625000000000000000e-01,2.899999999999999800e-03,2.824999999999999820e-03
5.546875000000000000e-01,5.859375000000000000e-01,2.824999999999999820e-03,5.174999999999999913e-03
5.312500000000000000e-01,3.984375000000000000e-01,2.975000000000000214e-03,3.174999999999999871e-03
6.328125000000000000e-01,6.562500000000000000e-01,7.499999999999999343e-05,4.000000000000000083e-03
4.765625000000000000e-01,3.671875000000000000e-01,3.024999999999999911e-03,7.049999999999999843e-03
6.328125000000000000e-01,6.328125000000000000e-01,5.499999999999999681e-03,1.694999999999999979e-02
4.218750000000000000e-01,3.906250000000000000e-01,3.750000000000000078e-04,2.154999999999999971e-02
6.093750000000000000e-01,4.843750000000000000e-01,4.275000000000000154e-03,1.412500000000000040e-02
5.703125000000000000e-01,5.156250000000000000e-01,3.249999999999999851e-03,2.925000000000000083e-03
5.625000000000000000e-01,5.625000000000000000e-01,2.874999999999999951e-03,2.524999999999999901e-03
5.703125000000000000e-01,5.468750000000000000e-01,3.099999999999999891e-03,4.125000000000000194e-03
5.390625000000000000e-01,5.234375000000000000e-01,3.200000000000000153e-03,2.575000000000000032e-03
5.156250000000000000e-01,3.984375000000000000e-01,3.350000000000000113e-03,9.674999999999999573e-03
4.765625000000000000e-01,2.734375000000000000e-01,3.374999999999999962e-03,6.275000000000000196e-03
6.328125000000000000e-01,5.781250000000000000e-01,3.924999999999999670e-03,1.600000000000000033e-02
4.218750000000000000e-01,2.968750000000000000e-01,3.750000000000000078e-04,2.355000000000000149e-02
6.093750000000000000e-01,4.843750000000000000e-01,3.575000000000000053e-03,3.347499999999999781e-02
5.703125000000000000e-01,4.062500000000000000e-01,3.350000000000000113e-03,2.700000000000000143e-03
5.625000000000000000e-01,4.296875000000000000e-01,3.399999999999999811e-03,1.675000000000000057e-03
5.703125000000000000e-01,3.671875000000000000e-01,3.674999999999999881e-03,2.850000000000000103e-03
5.390625000000000000e-01,3.671875000000000000e-01,3.050000000000000194e-03,3.575000000000000053e-03
5.156250000000000000e-01,3.125000000000000000e-01,3.625000000000000184e-03,4.199999999999999740e-03
4.765625000000000000e-01,3.046875000000000000e-01,4.624999999999999771e-03,6.450000000000000004e-03
4.296875000000000000e-01,2.109375000000000000e-01,6.450000000000000004e-03,1.622499999999999984e-02
5.781250000000000000e-01,4.765625000000000000e-01,3.550000000000000204e-03,2.264999999999999999e-02
5.234375000000000000e-01,3.359375000000000000e-01,5.349999999999999721e-03,3.449999999999999942e-03
4.843750000000000000e-01,3.593750000000000000e-01,3.725000000000000012e-03,3.075000000000000042e-03
4.765625000000000000e-01,3.515625000000000000e-01,3.524999999999999922e-03,1.224999999999999960e-03
4.843750000000000000e-01,4.375000000000000000e-01,2.975000000000000214e-03,3.425000000000000093e-03
4.609375000000000000e-01,3.359375000000000000e-01,3.500000000000000073e-03,2.575000000000000032e-03
5.546875000000000000e-01,4.609375000000000000e-01,3.099999999999999891e-03,1.377500000000000079e-02
4.296875000000000000e-01,3.828125000000000000e-01,8.999999999999999754e-04,3.674999999999999881e-03
4.062500000000000000e-01,3.281250000000000000e-01,4.324999999999999852e-03,7.774999999999999793e-03
6.171875000000000000e-01,5.078125000000000000e-01,6.250000000000000347e-03,2.309999999999999901e-02
4.453125000000000000e-01,2.890625000000000000e-01,1.000000000000000021e-03,2.404999999999999846e-02
5.937500000000000000e-01,4.375000000000000000e-01,4.300000000000000003e-03,5.049999999999999802e-03
5.703125000000000000e-01,3.828125000000000000e-01,3.599999999999999901e-03,2.799999999999999972e-03
5.625000000000000000e-01,3.984375000000000000e-01,3.150000000000000022e-03,1.949999999999999910e-03
5.703125000000000000e-01,3.750000000000000000e-01,2.925000000000000083e-03,3.000000000000000062e-03
5.390625000000000000e-01,3.750000000000000000e-01,2.975000000000000214e-03,1.909999999999999892e-02
5.234375000000000000e-01,3.203125000000000000e-01,3.299999999999999982e-03,4.100000000000000346e-03
6.093750000000000000e-01,4.765625000000000000e-01,1.749999999999999982e-04,3.700000000000000164e-03
4.765625000000000000e-01,3.828125000000000000e-01,3.850000000000000124e-03,7.500000000000000156e-04
3.906250000000000000e-01,2.890625000000000000e-01,7.224999999999999652e-03,2.292500000000000093e-02
6.093750000000000000e-01,4.375000000000000000e-01,2.500000000000000120e-05,2.400000000000000050e-02
5.781250000000000000e-01,3.906250000000000000e-01,4.799999999999999580e-03,1.532500000000000008e-02
5.390625000000000000e-01,3.125000000000000000e-01,2.949999999999999931e-03,2.899999999999999800e-03
5.312500000000000000e-01,4.140625000000000000e-01,3.350000000000000113e-03,2.075000000000000022e-03
5.390625000000000000e-01,4.062500000000000000e-01,3.150000000000000022e-03,4.575000000000000074e-03
5.156250000000000000e-01,4.375000000000000000e-01,3.200000000000000153e-03,7.799999999999999642e-03
4.843750000000000000e-01,3.281250000000000000e-01,2.374999999999999941e-03,8.750000000000000833e-03
4.453125000000000000e-01,3.515625000000000000e-01,3.125000000000000173e-03,6.250000000000000347e-03
6.093750000000000000e-01,5.312500000000000000e-01,4.250000000000000305e-03,2.767500000000000168e-02
3.906250000000000000e-01,3.281250000000000000e-01,2.750000000000000166e-04,2.114999999999999866e-02
5.781250000000000000e-01,4.609375000000000000e-01,3.599999999999999901e-03,2.610000000000000167e-02
5.390625000000000000e-01,4.687500000000000000e-01,3.050000000000000194e-03,3.050000000000000194e-03
5.312500000000000000e-01,4.609375000000000000e-01,2.899999999999999800e-03,2.874999999999999951e-03
5.390625000000000000e-01,4.609375000000000000e-01,3.275000000000000133e-03,3.575000000000000053e-03
5.156250000000000000e-01,4.765625000000000000e-01,3.249999999999999851e-03,9.450000000000000067e-03
4.843750000000000000e-01,3.593750000000000000e-01,2.350000000000000092e-03,4.599999999999999922e-03
4.453125000000000000e-01,4.140625000000000000e-01,3.249999999999999851e-03,5.799999999999999600e-03
5.390625000000000000e-01,5.468750000000000000e-01,3.975000000000000235e-03,2.777500000000000108e-02
3.828125000000000000e-01,4.375000000000000000e-01,2.500000000000000052e-04,3.399999999999999811e-03
5.156250000000000000e-01,4.921875000000000000e-01,3.150000000000000022e-03,2.330000000000000127e-02
4.765625000000000000e-01,4.765625000000000000e-01,3.725000000000000012e-03,2.524999999999999901e-03
4.687500000000000000e-01,4.140625000000000000e-01,3.299999999999999982e-03,3.275000000000000133e-03
4.765625000000000000e-01,4.687500000000000000e-01,3.350000000000000113e-03,2.075000000000000022e-03
4.453125000000000000e-01,4.453125000000000000e-01,2.949999999999999931e-03,4.074999999999999629e-03
4.218750000000000000e-01,4.609375000000000000e-01,3.324999999999999831e-03,3.099999999999999891e-03
3.828125000000000000e-01,4.765625000000000000e-01,2.975000000000000214e-03,4.125000000000000194e-03
6.093750000000000000e-01,6.640625000000000000e-01,3.399999999999999811e-03,2.610000000000000167e-02
3.671875000000000000e-01,5.156250000000000000e-01,1.499999999999999869e-04,6.799999999999999621e-03
5.781250000000000000e-01,4.765625000000000000e-01,3.775000000000000144e-03,2.274999999999999939e-02
5.390625000000000000e-01,5.000000000000000000e-01,2.949999999999999931e-03,3.050000000000000194e-03
5.312500000000000000e-01,5.156250000000000000e-01,3.000000000000000062e-03,3.024999999999999911e-03
5.390625000000000000e-01,5.703125000000000000e-01,3.075000000000000042e-03,4.174999999999999892e-03
5.156250000000000000e-01,5.781250000000000000e-01,2.874999999999999951e-03,1.002499999999999919e-02
4.843750000000000000e-01,4.765625000000000000e-01,2.749999999999999840e-03,2.674999999999999861e-03
4.453125000000000000e-01,5.156250000000000000e-01,3.000000000000000062e-03,5.525000000000000397e-03
3.828125000000000000e-01,5.156250000000000000e-01,3.575000000000000053e-03,2.824999999999999820e-03
5.390625000000000000e-01,6.093750000000000000e-01,1.749999999999999982e-04,2.197500000000000148e-02
5.156250000000000000e-01,5.468750000000000000e-01,3.524999999999999922e-03,1.830000000000000029e-02
4.765625000000000000e-01,5.078125000000000000e-01,2.749999999999999840e-03,2.799999999999999972e-03
4.687500000000000000e-01,5.390625000000000000e-01,2.874999999999999951e-03,2.674999999999999861e-03
4.765625000000000000e-01,5.703125000000000000e-01,3.650000000000000033e-03,3.500000000000000073e-03
4.453125000000000000e-01,5.625000000000000000e-01,3.000000000000000062e-03,2.975000000000000214e-03
4.218750000000000000e-01,5.703125000000000000e-01,2.925000000000000083e-03,3.024999999999999911e-03
3.828125000000000000e-01,6.250000000000000000e-01,2.650000000000000012e-03,3.575000000000000053e-03
5.390625000000000000e-01,6.015625000000000000e-01,3.099999999999999891e-03,2.324999999999999810e-03
5.156250000000000000e-01,6.171875000000000000e-01,2.500000000000000120e-05,2.899999999999999800e-03
5.156250000000000000e-01,5.781250000000000000e-01,3.725000000000000012e-03,4.825000000000000296e-03
5.703125000000000000e-01,6.484375000000000000e-01,2.925000000000000083e-03,3.550000000000000204e-03
5.390625000000000000e-01,6.093750000000000000e-01,1.250000000000000026e-04,3.749999999999999861e-03
4.765625000000000000e-01,5.468750000000000000e-01,2.750000000000000166e-04,3.650000000000000033e-03
4.687500000000000000e-01,5.234375000000000000e-01,2.949999999999999931e-03,2.050000000000000173e-03
6.093750000000000000e-01,7.187500000000000000e-01,2.674999999999999861e-03,4.874999999999999993e-03
5.703125000000000000e-01,6.328125000000000000e-01,1.000000000000000048e-04,4.624999999999999771e-03
5.390625000000000000e-01,6.328125000000000000e-01,5.000000000000000240e-05,3.749999999999999861e-03
4.765625000000000000e-01,5.781250000000000000e-01,3.249999999999999851e-04,3.950000000000000386e-03
4.453125000000000000e-01,5.703125000000000000e-01,2.850000000000000103e-03,3.050000000000000194e-03
4.218750000000000000e-01,5.468750000000000000e-01,2.550000000000000183e-03,3.249999999999999851e-03
6.328125000000000000e-01,7.109375000000000000e-01,4.249999999999999763e-04,1.925000000000000062e-03
6.093750000000000000e-01,6.406250000000000000e-01,7.499999999999999343e-05,2.449999999999999921e-03
5.703125000000000000e-01,6.796875000000000000e-01,2.500000000000000120e-05,1.799999999999999951e-03
3.828125000000000000e-01,5.937500000000000000e-01,2.275000000000000112e-03,1.975000000000000193e-03
6.640625000000000000e-01,7.343750000000000000e-01,5.624999999999999792e-03,1.017500000000000002e-02
6.328125000000000000e-01,6.718750000000000000e-01,1.000000000000000048e-04,1.887499999999999942e-02
3.828125000000000000e-01,6.640625000000000000e-01,2.999999999999999737e-04,4.899999999999999842e-03
6.093750000000000000e-01,6.328125000000000000e-01,4.074999999999999629e-03,1.490000000000000005e-02
5.703125000000000000e-01,6.328125000000000000e-01,2.724999999999999992e-03,3.299999999999999982e-03
5.625000000000000000e-01,7.109375000000000000e-01,3.075000000000000042e-03,6.275000000000000196e-03
5.703125000000000000e-01,6.484375000000000000e-01,3.650000000000000033e-03,4.525000000000000376e-03
5.390625000000000000e-01,5.468750000000000000e-01,2.874999999999999951e-03,3.824999999999999841e-03
5.156250000000000000e-01,5.781250000000000000e-01,3.200000000000000153e-03,2.850000000000000103e-03
4.765625000000000000e-01,5.390625000000000000e-01,2.275000000000000112e-03,8.000000000000000383e-04
6.640625000000000000e-01,6.562500000000000000e-01,3.874999999999999972e-03,1.007500000000000062e-02
6.250000000000000000e-01,6.093750000000000000e-01,7.499999999999999343e-05,2.800000000000000058e-02
6.484375000000000000e-01,6.171875000000000000e-01,0.000000000000000000e+00,8.925000000000000641e-03
3.828125000000000000e-01,6.171875000000000000e-01,2.750000000000000166e-04,5.599999999999999943e-03
6.015625000000000000e-01,5.625000000000000000e-01,3.674999999999999881e-03,2.429999999999999868e-02
5.703125000000000000e-01,5.781250000000000000e-01,2.850000000000000103e-03,3.449999999999999942e-03
5.625000000000000000e-01,6.328125000000000000e-01,3.174999999999999871e-03,5.374999999999999570e-03
5.703125000000000000e-01,5.859375000000000000e-01,4.174999999999999892e-03,5.150000000000000064e-03
5.546875000000000000e-01,4.921875000000000000e-01,3.500000000000000073e-03,3.874999999999999972e-03
5.312500000000000000e-01,5.390625000000000000e-01,4.049999999999999781e-03,5.199999999999999761e-03
4.765625000000000000e-01,5.703125000000000000e-01,4.049999999999999781e-03,2.000000000000000042e-03
6.093750000000000000e-01,5.078125000000000000e-01,1.025000000000000043e-02,4.637499999999999956e-02
3.906250000000000000e-01,4.062500000000000000e-01,6.499999999999999702e-04,1.110000000000000049e-02
5.937500000000000000e-01,4.765625000000000000e-01,4.624999999999999771e-03,5.975000000000000276e-03
5.781250000000000000e-01,4.609375000000000000e-01,3.824999999999999841e-03,3.399999999999999811e-03
5.703125000000000000e-01,5.000000000000000000e-01,2.674999999999999861e-03,3.275000000000000133e-03
5.781250000000000000e-01,5.156250000000000000e-01,3.799999999999999992e-03,3.449999999999999942e-03
5.703125000000000000e-01,5.000000000000000000e-01,2.899999999999999800e-03,1.399999999999999986e-03
5.546875000000000000e-01,5.546875000000000000e-01,1.250000000000000026e-03,3.249999999999999851e-03
5.156250000000000000e-01,4.296875000000000000e-01,2.874999999999999951e-03,7.024999999999999994e-03
4.765625000000000000e-01,4.062500000000000000e-01,2.575000000000000032e-03,1.085000000000000027e-02
5.703125000000000000e-01,4.609375000000000000e-01,6.049999999999999822e-03,5.224999999999999610e-03
5.546875000000000000e-01,4.609375000000000000e-01,2.925000000000000083e-03,3.050000000000000194e-03
5.468750000000000000e-01,5.312500000000000000e-01,3.000000000000000062e-03,1.949999999999999910e-03
5.546875000000000000e-01,4.375000000000000000e-01,3.249999999999999851e-03,5.624999999999999792e-03
5.156250000000000000e-01,5.312500000000000000e-01,2.949999999999999931e-03,2.050000000000000173e-03
4.843750000000000000e-01,4.375000000000000000e-01,2.749999999999999840e-03,2.850000000000000103e-03
4.609375000000000000e-01,4.296875000000000000e-01,2.449999999999999921e-03,7.500000000000000156e-04
6.484375000000000000e-01,5.312500000000000000e-01,4.349999999999999700e-03,1.720000000000000001e-02
3.828125000000000000e-01,4.531250000000000000e-01,3.249999999999999851e-04,6.199999999999999782e-03
6.250000000000000000e-01,4.921875000000000000e-01,2.500000000000000120e-05,1.710000000000000062e-02
5.937500000000000000e-01,4.453125000000000000e-01,3.225000000000000002e-03,1.312499999999999951e-02
5.703125000000000000e-01,4.843750000000000000e-01,2.975000000000000214e-03,3.474999999999999790e-03
5.625000000000000000e-01,5.546875000000000000e-01,3.275000000000000133e-03,4.049999999999999781e-03
5.703125000000000000e-01,4.296875000000000000e-01,3.474999999999999790e-03,4.100000000000000346e-03
5.859375000000000000e-01,4.687500000000000000e-01,6.750000000000000357e-04,8.249999999999999955e-04
5.546875000000000000e-01,5.000000000000000000e-01,2.575000000000000032e-03,2.850000000000000103e-03
5.312500000000000000e-01,4.843750000000000000e-01,3.200000000000000153e-03,2.700000000000000143e-03
4.765625000000000000e-01,4.531250000000000000e-01,2.475000000000000203e-03,6.750000000000000357e-04
6.484375000000000000e-01,5.390625000000000000e-01,3.975000000000000235e-03,1.497500000000000046e-02
6.250000000000000000e-01,5.156250000000000000e-01,2.750000000000000166e-04,1.582499999999999879e-02
3.828125000000000000e-01,3.437500000000000000e-01,6.999999999999999929e-04,4.000000000000000083e-03
5.937500000000000000e-01,4.218750000000000000e-01,2.975000000000000214e-03,1.292500000000000072e-02
5.703125000000000000e-01,4.843750000000000000e-01,3.275000000000000133e-03,3.050000000000000194e-03
5.625000000000000000e-01,5.156250000000000000e-01,3.399999999999999811e-03,3.725000000000000012e-03
5.703125000000000000e-01,4.296875000000000000e-01,2.674999999999999861e-03,5.774999999999999752e-03
5.546875000000000000e-01,4.218750000000000000e-01,3.500000000000000073e-03,2.575000000000000032e-03
5.312500000000000000e-01,4.609375000000000000e-01,3.174999999999999871e-03,2.724999999999999992e-03
4.765625000000000000e-01,1.640625000000000000e-01,3.474999999999999790e-03,1.000000000000000021e-03
5.937500000000000000e-01,4.687500000000000000e-01,3.275000000000000133e-03,4.420000000000000318e-02
4.218750000000000000e-01,2.734375000000000000e-01,8.999999999999999754e-04,1.080000000000000057e-02
5.703125000000000000e-01,4.843750000000000000e-01,2.625000000000000163e-03,5.700000000000000205e-03
5.546875000000000000e-01,4.687500000000000000e-01,3.599999999999999901e-03,2.599999999999999881e-03
5.468750000000000000e-01,5.000000000000000000e-01,2.899999999999999800e-03,2.824999999999999820e-03
5.546875000000000000e-01,4.609375000000000000e-01,2.899999999999999800e-03,3.474999999999999790e-03
5.156250000000000000e-01,4.765625000000000000e-01,2.975000000000000214e-03,3.899999999999999821e-03
5.000000000000000000e-01,3.671875000000000000e-01,3.674999999999999881e-03,5.374999999999999570e-03
4.609375000000000000e-01,3.671875000000000000e-01,4.199999999999999740e-03,8.500000000000000611e-03
5.546875000000000000e-01,4.296875000000000000e-01,5.499999999999999681e-03,3.225000000000000002e-03
5.468750000000000000e-01,4.765625000000000000e-01,2.749999999999999840e-03,3.075000000000000042e-03
5.390625000000000000e-01,5.234375000000000000e-01,3.174999999999999871e-03,2.399999999999999790e-03
5.468750000000000000e-01,5.078125000000000000e-01,3.050000000000000194e-03,4.174999999999999892e-03
5.156250000000000000e-01,5.781250000000000000e-01,3.299999999999999982e-03,1.050000000000000065e-02
5.000000000000000000e-01,3.984375000000000000e-01,2.799999999999999972e-03,3.474999999999999790e-03
4.531250000000000000e-01,4.687500000000000000e-01,3.200000000000000153e-03,8.499999999999999526e-04
6.093750000000000000e-01,6.093750000000000000e-01,5.550000000000000246e-03,2.195000000000000076e-02
3.671875000000000000e-01,3.828125000000000000e-01,2.500000000000000120e-05,7.725000000000000096e-03
5.781250000000000000e-01,3.984375000000000000e-01,4.599999999999999922e-03,5.774999999999999752e-03
5.546875000000000000e-01,3.984375000000000000e-01,3.399999999999999811e-03,2.324999999999999810e-03
5.468750000000000000e-01,3.906250000000000000e-01,3.000000000000000062e-03,1.075000000000000001e-03
5.546875000000000000e-01,3.593750000000000000e-01,2.925000000000000083e-03,3.350000000000000113e-03
5.156250000000000000e-01,4.218750000000000000e-01,2.799999999999999972e-03,6.275000000000000196e-03
4.843750000000000000e-01,4.140625000000000000e-01,4.150000000000000043e-03,3.975000000000000235e-03
4.609375000000000000e-01,3.203125000000000000e-01,3.575000000000000053e-03,1.140000000000000041e-02
6.093750000000000000e-01,5.468750000000000000e-01,2.224999999999999981e-03,2.857499999999999971e-02
5.781250000000000000e-01,4.218750000000000000e-01,3.749999999999999861e-03,4.975000000000000255e-03
5.546875000000000000e-01,3.750000000000000000e-01,3.200000000000000153e-03,2.449999999999999921e-03
5.468750000000000000e-01,4.375000000000000000e-01,2.674999999999999861e-03,1.825000000000000016e-03
5.546875000000000000e-01,4.062500000000000000e-01,3.050000000000000194e-03,3.575000000000000053e-03
5.156250000000000000e-01,4.375000000000000000e-01,3.075000000000000042e-03,1.115000000000000019e-02
4.843750000000000000e-01,3.671875000000000000e-01,2.975000000000000214e-03,1.017500000000000002e-02
4.609375000000000000e-01,3.593750000000000000e-01,3.425000000000000093e-03,6.999999999999999929e-04
3.828125000000000000e-01,4.062500000000000000e-01,4.375000000000000416e-03,3.425000000000000093e-03
5.546875000000000000e-01,5.078125000000000000e-01,4.499999999999999877e-04,2.097500000000000059e-02
5.156250000000000000e-01,4.375000000000000000e-01,4.125000000000000194e-03,3.674999999999999881e-03
4.765625000000000000e-01,3.906250000000000000e-01,2.850000000000000103e-03,2.275000000000000112e-03
4.687500000000000000e-01,3.281250000000000000e-01,3.599999999999999901e-03,3.099999999999999891e-03
4.765625000000000000e-01,3.515625000000000000e-01,3.950000000000000386e-03,1.100000000000000066e-03
4.453125000000000000e-01,4.375000000000000000e-01,2.500000000000000052e-03,3.749999999999999861e-03
5.390625000000000000e-01,5.078125000000000000e-01,3.700000000000000164e-03,1.077499999999999986e-02
4.218750000000000000e-01,3.281250000000000000e-01,5.000000000000000104e-04,6.024999999999999974e-03
3.828125000000000000e-01,3.281250000000000000e-01,4.525000000000000376e-03,1.290000000000000001e-02
6.250000000000000000e-01,5.546875000000000000e-01,5.525000000000000397e-03,2.400000000000000050e-02
6.015625000000000000e-01,4.140625000000000000e-01,9.499999999999999981e-04,6.875000000000000035e-03
5.703125000000000000e-01,3.437500000000000000e-01,5.150000000000000064e-03,2.874999999999999951e-03
5.546875000000000000e-01,3.203125000000000000e-01,3.599999999999999901e-03,2.200000000000000133e-03
5.468750000000000000e-01,3.828125000000000000e-01,3.174999999999999871e-03,2.399999999999999790e-03
5.546875000000000000e-01,2.734375000000000000e-01,3.174999999999999871e-03,1.872499999999999859e-02
5.312500000000000000e-01,3.437500000000000000e-01,3.075000000000000042e-03,1.009999999999999960e-02
6.093750000000000000e-01,4.609375000000000000e-01,3.950000000000000386e-03,3.824999999999999841e-03
4.765625000000000000e-01,3.437500000000000000e-01,7.749999999999999728e-04,2.899999999999999800e-03
4.609375000000000000e-01,2.890625000000000000e-01,4.199999999999999740e-03,8.024999999999999148e-03
6.093750000000000000e-01,4.140625000000000000e-01,5.425000000000000135e-03,4.882500000000000034e-02
4.218750000000000000e-01,2.812500000000000000e-01,5.999999999999999474e-04,3.022499999999999840e-02
5.703125000000000000e-01,3.750000000000000000e-01,3.350000000000000113e-03,2.575000000000000032e-03
5.390625000000000000e-01,3.593750000000000000e-01,3.249999999999999851e-03,2.350000000000000092e-03
5.312500000000000000e-01,3.750000000000000000e-01,3.125000000000000173e-03,3.275000000000000133e-03
5.390625000000000000e-01,4.140625000000000000e-01,3.500000000000000073e-03,8.874999999999999209e-03
5.156250000000000000e-01,3.828125000000000000e-01,2.874999999999999951e-03,1.027499999999999941e-02
4.765625000000000000e-01,3.828125000000000000e-01,3.775000000000000144e-03,4.749999999999999882e-03
4.453125000000000000e-01,2.812500000000000000e-01,3.749999999999999861e-03,2.567499999999999991e-02
5.703125000000000000e-01,3.515625000000000000e-01,7.849999999999999339e-03,2.550000000000000183e-03
5.390625000000000000e-01,3.515625000000000000e-01,3.099999999999999891e-03,2.350000000000000092e-03
5.312500000000000000e-01,3.437500000000000000e-01,3.350000000000000113e-03,3.449999999999999942e-03
5.390625000000000000e-01,3.750000000000000000e-01,3.799999999999999992e-03,2.042499999999999871e-02
5.156250000000000000e-01,3.437500000000000000e-01,3.674999999999999881e-03,4.375000000000000416e-03
4.765625000000000000e-01,4.218750000000000000e-01,4.224999999999999589e-03,2.500000000000000052e-03
6.093750000000000000e-01,6.015625000000000000e-01,1.044999999999999922e-02,1.842500000000000041e-02
3.671875000000000000e-01,3.828125000000000000e-01,5.999999999999999474e-04,7.599999999999999985e-03
5.859375000000000000e-01,4.140625000000000000e-01,5.624999999999999792e-03,2.949999999999999931e-03
5.546875000000000000e-01,3.750000000000000000e-01,3.799999999999999992e-03,3.824999999999999841e-03
5.859375000000000000e-01,4.531250000000000000e-01,2.500000000000000052e-03,8.500000000000000611e-03
4.609375000000000000e-01,3.906250000000000000e-01,2.874999999999999951e-03,2.550000000000000183e-03
5.156250000000000000e-01,3.906250000000000000e-01,7.249999999999999500e-04,2.249999999999999830e-03
4.921875000000000000e-01,4.296875000000000000e-01,2.775000000000000123e-03,1.049999999999999935e-03
5.546875000000000000e-01,4.296875000000000000e-01,2.249999999999999938e-04,1.299999999999999940e-03
4.921875000000000000e-01,4.609375000000000000e-01,3.125000000000000173e-03,3.674999999999999881e-03
4.218750000000000000e-01,3.437500000000000000e-01,1.749999999999999982e-04,8.949999999999999623e-03
5.156250000000000000e-01,4.531250000000000000e-01,3.125000000000000173e-03,5.250000000000000326e-03
4.609375000000000000e-01,4.375000000000000000e-01,3.750000000000000078e-04,8.174999999999999975e-03
5.546875000000000000e-01,4.375000000000000000e-01,4.950000000000000407e-03,2.899999999999999800e-03
5.156250000000000000e-01,5.078125000000000000e-01,2.874999999999999951e-03,4.024999999999999932e-03
5.546875000000000000e-01,4.609375000000000000e-01,2.899999999999999800e-03,3.924999999999999670e-03
4.218750000000000000e-01,3.515625000000000000e-01,2.575000000000000032e-03,2.500000000000000052e-03
4.921875000000000000e-01,4.375000000000000000e-01,2.249999999999999938e-04,3.449999999999999942e-03
4.609375000000000000e-01,3.125000000000000000e-01,2.824999999999999820e-03,1.275000000000000092e-03
5.156250000000000000e-01,4.531250000000000000e-01,5.500000000000000331e-04,5.749999999999999903e-03
3.984375000000000000e-01,3.281250000000000000e-01,2.500000000000000052e-03,2.625000000000000163e-03
4.609375000000000000e-01,4.453125000000000000e-01,6.750000000000000357e-04,2.625000000000000163e-03
4.218750000000000000e-01,4.062500000000000000e-01,3.000000000000000062e-03,5.125000000000000215e-03
4.921875000000000000e-01,4.296875000000000000e-01,7.499999999999999343e-05,3.275000000000000133e-03
3.281250000000000000e-01,4.296875000000000000e-01,3.749999999999999861e-03,5.125000000000000215e-03
5.703125000000000000e-01,5.390625000000000000e-01,7.499999999999999343e-05,1.119999999999999989e-02
5.468750000000000000e-01,3.906250000000000000e-01,3.674999999999999881e-03,2.150000000000000001e-03
5.156250000000000000e-01,4.296875000000000000e-01,2.700000000000000143e-03,3.674999999999999881e-03
5.468750000000000000e-01,3.906250000000000000e-01,2.949999999999999931e-03,6.425000000000000155e-03
4.218750000000000000e-01,3.359375000000000000e-01,1.899999999999999996e-03,3.425000000000000093e-03
4.765625000000000000e-01,3.984375000000000000e-01,1.075000000000000001e-03,2.150000000000000001e-03
4.531250000000000000e-01,3.671875000000000000e-01,2.949999999999999931e-03,8.499999999999999526e-04
5.156250000000000000e-01,4.296875000000000000e-01,2.500000000000000120e-05,1.075000000000000001e-03
4.531250000000000000e-01,3.828125000000000000e-01,3.125000000000000173e-03,3.599999999999999901e-03
3.828125000000000000e-01,3.046875000000000000e-01,5.000000000000000240e-05,8.250000000000000389e-03
4.218750000000000000e-01,3.046875000000000000e-01,3.425000000000000093e-03,5.550000000000000246e-03
4.765625000000000000e-01,3.750000000000000000e-01,3.499999999999999964e-04,5.374999999999999570e-03
5.468750000000000000e-01,4.062500000000000000e-01,5.749999999999999903e-03,2.650000000000000012e-03
5.156250000000000000e-01,4.296875000000000000e-01,3.099999999999999891e-03,4.150000000000000043e-03
5.468750000000000000e-01,4.296875000000000000e-01,2.575000000000000032e-03,3.950000000000000386e-03
4.218750000000000000e-01,3.750000000000000000e-01,2.575000000000000032e-03,3.299999999999999982e-03
4.765625000000000000e-01,4.531250000000000000e-01,6.750000000000000357e-04,3.725000000000000012e-03
4.531250000000000000e-01,4.609375000000000000e-01,2.899999999999999800e-03,9.749999999999999552e-04
5.156250000000000000e-01,4.687500000000000000e-01,2.999999999999999737e-04,2.500000000000000052e-03
4.531250000000000000e-01,3.828125000000000000e-01,2.724999999999999992e-03,4.700000000000000185e-03
3.828125000000000000e-01,3.593750000000000000e-01,8.000000000000000383e-04,5.725000000000000054e-03
5.703125000000000000e-01,5.546875000000000000e-01,3.474999999999999790e-03,2.050000000000000173e-03
4.218750000000000000e-01,3.281250000000000000e-01,7.249999999999999500e-04,7.049999999999999843e-03
4.765625000000000000e-01,2.265625000000000000e-01,4.000000000000000192e-04,9.650000000000000591e-03
6.640625000000000000e-01,6.093750000000000000e-01,7.049999999999999843e-03,1.159999999999999920e-02
6.406250000000000000e-01,4.609375000000000000e-01,6.250000000000000130e-04,4.799999999999999580e-03
3.828125000000000000e-01,3.281250000000000000e-01,6.250000000000000130e-04,3.850000000000000124e-03
6.093750000000000000e-01,4.453125000000000000e-01,5.649999999999999641e-03,3.174999999999999871e-03
6.406250000000000000e-01,5.937500000000000000e-01,3.474999999999999790e-03,1.422499999999999980e-02
5.468750000000000000e-01,3.437500000000000000e-01,4.774999999999999731e-03,9.749999999999999552e-04
6.093750000000000000e-01,5.625000000000000000e-01,2.949999999999999931e-03,6.949999999999999581e-03
5.156250000000000000e-01,4.296875000000000000e-01,2.749999999999999840e-03,4.125000000000000194e-03
5.703125000000000000e-01,5.468750000000000000e-01,3.350000000000000113e-03,2.824999999999999820e-03
4.765625000000000000e-01,3.671875000000000000e-01,3.249999999999999851e-04,3.200000000000000153e-03
4.531250000000000000e-01,3.750000000000000000e-01,3.225000000000000002e-03,1.350000000000000071e-03
5.703125000000000000e-01,4.296875000000000000e-01,6.024999999999999974e-03,1.159999999999999920e-02
3.828125000000000000e-01,3.750000000000000000e-01,5.999999999999999474e-04,5.525000000000000397e-03
5.546875000000000000e-01,3.593750000000000000e-01,3.474999999999999790e-03,2.824999999999999820e-03
5.312500000000000000e-01,4.062500000000000000e-01,3.225000000000000002e-03,3.775000000000000144e-03
5.546875000000000000e-01,4.062500000000000000e-01,2.850000000000000103e-03,8.174999999999999975e-03
4.609375000000000000e-01,3.046875000000000000e-01,2.275000000000000112e-03,2.524999999999999901e-03
5.078125000000000000e-01,4.218750000000000000e-01,5.999999999999999474e-04,3.249999999999999851e-03
4.765625000000000000e-01,3.593750000000000000e-01,2.700000000000000143e-03,1.874999999999999931e-03
5.312500000000000000e-01,4.609375000000000000e-01,6.999999999999999929e-04,3.749999999999999861e-03
4.609375000000000000e-01,2.031250000000000000e-01,2.249999999999999830e-03,1.199999999999999895e-03
5.703125000000000000e-01,5.156250000000000000e-01,2.500000000000000052e-04,3.299999999999999982e-03
4.375000000000000000e-01,3.125000000000000000e-01,3.750000000000000078e-04,3.950000000000000386e-03
4.765625000000000000e-01,4.296875000000000000e-01,3.575000000000000053e-03,6.324999999999999893e-03
5.156250000000000000e-01,4.609375000000000000e-01,5.799999999999999600e-03,1.342499999999999943e-02
2.343750000000000000e-01,3.437500000000000000e-01,8.999999999999999754e-04,5.150000000000000064e-03
4.765625000000000000e-01,3.593750000000000000e-01,3.099999999999999891e-03,3.374999999999999962e-03
4.531250000000000000e-01,4.140625000000000000e-01,3.449999999999999942e-03,3.099999999999999891e-03
4.765625000000000000e-01,3.906250000000000000e-01,2.949999999999999931e-03,6.224999999999999631e-03
4.218750000000000000e-01,3.984375000000000000e-01,2.899999999999999800e-03,2.975000000000000214e-03
3.593750000000000000e-01,2.812500000000000000e-01,5.999999999999999474e-04,1.624999999999999925e-03
4.531250000000000000e-01,3.671875000000000000e-01,2.200000000000000133e-03,1.149999999999999981e-03
3.828125000000000000e-01,3.750000000000000000e-01,3.249999999999999851e-04,9.749999999999999552e-04
3.281250000000000000e-01,3.046875000000000000e-01,3.174999999999999871e-03,1.242500000000000028e-02
3.828125000000000000e-01,4.296875000000000000e-01,0.000000000000000000e+00,2.024999999999999890e-03
3.828125000000000000e-01,2.734375000000000000e-01,3.374999999999999962e-03,1.037500000000000054e-02
4.218750000000000000e-01,3.515625000000000000e-01,7.499999999999999343e-05,5.525000000000000397e-03
4.765625000000000000e-01,3.906250000000000000e-01,6.174999999999999933e-03,2.550000000000000183e-03
4.531250000000000000e-01,4.062500000000000000e-01,3.000000000000000062e-03,3.524999999999999922e-03
4.765625000000000000e-01,3.906250000000000000e-01,2.625000000000000163e-03,3.425000000000000093e-03
3.593750000000000000e-01,2.500000000000000000e-01,1.374999999999999920e-03,4.150000000000000043e-03
4.218750000000000000e-01,3.281250000000000000e-01,1.575000000000000011e-03,2.874999999999999951e-03
3.828125000000000000e-01,2.578125000000000000e-01,3.024999999999999911e-03,1.199999999999999895e-03
4.531250000000000000e-01,3.437500000000000000e-01,4.749999999999999990e-04,4.850000000000000144e-03
3.281250000000000000e-01,3.281250000000000000e-01,2.775000000000000123e-03,3.449999999999999942e-03
3.828125000000000000e-01,3.750000000000000000e-01,6.499999999999999702e-04,2.050000000000000173e-03
3.828125000000000000e-01,1.875000000000000000e-01,3.775000000000000144e-03,2.625000000000000163e-03
4.218750000000000000e-01,3.671875000000000000e-01,2.500000000000000120e-05,1.025000000000000086e-03
6.093750000000000000e-01,4.296875000000000000e-01,9.050000000000000752e-03,9.525000000000000480e-03
3.671875000000000000e-01,3.281250000000000000e-01,3.499999999999999964e-04,6.150000000000000085e-03
2.734375000000000000e-01,3.125000000000000000e-01,1.499999999999999869e-04,4.499999999999999660e-03
5.859375000000000000e-01,4.218750000000000000e-01,4.449999999999999963e-03,2.475000000000000203e-03
5.546875000000000000e-01,3.750000000000000000e-01,3.299999999999999982e-03,2.824999999999999820e-03
5.859375000000000000e-01,4.453125000000000000e-01,2.425000000000000072e-03,7.150000000000000105e-03
5.156250000000000000e-01,3.984375000000000000e-01,3.225000000000000002e-03,2.075000000000000022e-03
4.609375000000000000e-01,3.203125000000000000e-01,2.500000000000000052e-04,1.449999999999999900e-03
4.921875000000000000e-01,3.281250000000000000e-01,2.650000000000000012e-03,1.100000000000000066e-03
5.546875000000000000e-01,3.437500000000000000e-01,7.499999999999999343e-05,8.750000000000000182e-04
4.218750000000000000e-01,2.890625000000000000e-01,3.075000000000000042e-03,1.167499999999999961e-02
4.921875000000000000e-01,3.750000000000000000e-01,0.000000000000000000e+00,4.599999999999999922e-03
5.156250000000000000e-01,3.906250000000000000e-01,3.225000000000000002e-03,5.550000000000000246e-03
4.609375000000000000e-01,3.203125000000000000e-01,3.499999999999999964e-04,6.100000000000000387e-03
5.546875000000000000e-01,3.437500000000000000e-01,5.624999999999999792e-03,3.225000000000000002e-03
5.156250000000000000e-01,3.125000000000000000e-01,3.449999999999999942e-03,3.150000000000000022e-03
5.546875000000000000e-01,3.593750000000000000e-01,2.850000000000000103e-03,3.674999999999999881e-03
4.218750000000000000e-01,1.953125000000000000e-01,3.125000000000000173e-03,1.775000000000000102e-03
4.921875000000000000e-01,3.515625000000000000e-01,1.250000000000000026e-04,2.775000000000000123e-03
4.609375000000000000e-01,3.046875000000000000e-01,2.850000000000000103e-03,8.999999999999999754e-04
5.156250000000000000e-01,3.828125000000000000e-01,1.000000000000000048e-04,6.150000000000000085e-03
4.609375000000000000e-01,4.453125000000000000e-01,3.024999999999999911e-03,2.749999999999999840e-03
3.984375000000000000e-01,3.281250000000000000e-01,3.750000000000000078e-04,2.524999999999999901e-03
4.921875000000000000e-01,4.140625000000000000e-01,3.024999999999999911e-03,4.425000000000000114e-03
4.218750000000000000e-01,3.125000000000000000e-01,1.000000000000000048e-04,8.000000000000000383e-04
5.703125000000000000e-01,4.687500000000000000e-01,4.850000000000000144e-03,1.192499999999999984e-02
2.343750000000000000e-01,3.671875000000000000e-01,5.249999999999999676e-04,1.675000000000000057e-03
2.343750000000000000e-01,1.718750000000000000e-01,1.675000000000000057e-03,2.374999999999999941e-03
5.468750000000000000e-01,3.906250000000000000e-01,1.425000000000000051e-03,2.324999999999999810e-03
5.156250000000000000e-01,4.296875000000000000e-01,3.150000000000000022e-03,3.524999999999999922e-03
5.468750000000000000e-01,3.906250000000000000e-01,2.550000000000000183e-03,6.250000000000000347e-03
4.218750000000000000e-01,2.656250000000000000e-01,3.275000000000000133e-03,1.850000000000000082e-03
4.765625000000000000e-01,3.671875000000000000e-01,3.499999999999999964e-04,2.075000000000000022e-03
4.531250000000000000e-01,3.046875000000000000e-01,2.399999999999999790e-03,9.749999999999999552e-04
5.156250000000000000e-01,3.593750000000000000e-01,2.999999999999999737e-04,7.749999999999999728e-04
3.828125000000000000e-01,2.968750000000000000e-01,2.925000000000000083e-03,8.975000000000000339e-03
4.531250000000000000e-01,3.515625000000000000e-01,2.249999999999999938e-04,2.799999999999999972e-03
4.218750000000000000e-01,2.578125000000000000e-01,3.425000000000000093e-03,5.250000000000000326e-03
4.765625000000000000e-01,2.890625000000000000e-01,0.000000000000000000e+00,4.975000000000000255e-03
5.156250000000000000e-01,3.906250000000000000e-01,5.425000000000000135e-03,2.674999999999999861e-03
4.765625000000000000e-01,3.281250000000000000e-01,3.099999999999999891e-03,3.474999999999999790e-03
5.156250000000000000e-01,3.359375000000000000e-01,3.249999999999999851e-03,2.299999999999999961e-03
3.828125000000000000e-01,2.656250000000000000e-01,2.475000000000000203e-03,3.024999999999999911e-03
4.531250000000000000e-01,3.437500000000000000e-01,5.000000000000000104e-04,2.724999999999999992e-03
4.218750000000000000e-01,2.421875000000000000e-01,2.724999999999999992e-03,1.199999999999999895e-03
4.765625000000000000e-01,3.281250000000000000e-01,5.000000000000000104e-04,8.224999999999999672e-03
3.593750000000000000e-01,2.421875000000000000e-01,2.575000000000000032e-03,3.350000000000000113e-03
4.218750000000000000e-01,3.437500000000000000e-01,3.249999999999999851e-04,3.125000000000000173e-03
4.531250000000000000e-01,3.671875000000000000e-01,3.725000000000000012e-03,1.199999999999999895e-03
3.828125000000000000e-01,2.968750000000000000e-01,2.000000000000000096e-04,2.799999999999999972e-03
6.093750000000000000e-01,5.078125000000000000e-01,7.900000000000000772e-03,8.675000000000000419e-03
2.734375000000000000e-01,3.437500000000000000e-01,3.249999999999999851e-04,5.675000000000000357e-03
3.671875000000000000e-01,1.953125000000000000e-01,1.724999999999999971e-03,5.825000000000000316e-03
5.859375000000000000e-01,3.437500000000000000e-01,3.425000000000000093e-03,2.075000000000000022e-03
5.546875000000000000e-01,2.734375000000000000e-01,3.174999999999999871e-03,2.899999999999999800e-03
5.859375000000000000e-01,3.281250000000000000e-01,2.674999999999999861e-03,7.900000000000000772e-03
4.609375000000000000e-01,3.906250000000000000e-01,3.425000000000000093e-03,2.925000000000000083e-03
5.156250000000000000e-01,3.203125000000000000e-01,5.500000000000000331e-04,1.525000000000000097e-03
5.546875000000000000e-01,3.281250000000000000e-01,2.824999999999999820e-03,1.000000000000000021e-03
4.921875000000000000e-01,3.125000000000000000e-01,4.499999999999999877e-04,1.399999999999999986e-03
4.921875000000000000e-01,2.812500000000000000e-01,3.099999999999999891e-03,6.049999999999999822e-03
4.218750000000000000e-01,2.343750000000000000e-01,5.000000000000000104e-04,1.277499999999999990e-02
4.609375000000000000e-01,3.359375000000000000e-01,3.099999999999999891e-03,1.417500000000000010e-02
5.156250000000000000e-01,3.203125000000000000e-01,4.249999999999999763e-04,6.649999999999999661e-03
5.546875000000000000e-01,2.890625000000000000e-01,7.425000000000000176e-03,2.850000000000000103e-03
5.312500000000000000e-01,3.203125000000000000e-01,3.700000000000000164e-03,5.875000000000000014e-03
5.546875000000000000e-01,2.031250000000000000e-01,3.374999999999999962e-03,4.624999999999999771e-03
4.375000000000000000e-01,3.828125000000000000e-01,2.650000000000000012e-03,9.100000000000000450e-03
5.078125000000000000e-01,3.281250000000000000e-01,6.499999999999999702e-04,7.250000000000000368e-03
4.609375000000000000e-01,2.812500000000000000e-01,5.024999999999999953e-03,1.017500000000000002e-02
5.312500000000000000e-01,2.890625000000000000e-01,4.499999999999999877e-04,1.072500000000000016e-02
4.140625000000000000e-01,3.437500000000000000e-01,4.125000000000000194e-03,6.649999999999999661e-03
4.843750000000000000e-01,3.750000000000000000e-01,2.500000000000000120e-05,8.099999999999999561e-03
4.375000000000000000e-01,3.593750000000000000e-01,5.550000000000000246e-03,1.224999999999999960e-03
5.078125000000000000e-01,2.890625000000000000e-01,1.749999999999999982e-04,1.590000000000000094e-02
5.703125000000000000e-01,4.609375000000000000e-01,1.285000000000000031e-02,2.027500000000000135e-02
2.343750000000000000e-01,3.203125000000000000e-01,5.749999999999999903e-04,8.550000000000000308e-03
5.468750000000000000e-01,3.125000000000000000e-01,6.425000000000000155e-03,3.099999999999999891e-03
5.156250000000000000e-01,3.515625000000000000e-01,3.850000000000000124e-03,3.975000000000000235e-03
5.468750000000000000e-01,3.359375000000000000e-01,2.949999999999999931e-03,7.550000000000000287e-03
4.765625000000000000e-01,3.203125000000000000e-01,3.399999999999999811e-03,2.174999999999999850e-03
4.218750000000000000e-01,2.890625000000000000e-01,1.499999999999999869e-04,1.949999999999999910e-03
4.531250000000000000e-01,2.734375000000000000e-01,2.949999999999999931e-03,8.750000000000000182e-04
5.156250000000000000e-01,3.359375000000000000e-01,5.000000000000000240e-05,1.025000000000000086e-03
4.531250000000000000e-01,4.062500000000000000e-01,2.874999999999999951e-03,3.650000000000000033e-03
3.828125000000000000e-01,3.046875000000000000e-01,3.750000000000000078e-04,1.115000000000000019e-02
4.218750000000000000e-01,2.500000000000000000e-01,3.099999999999999891e-03,1.142499999999999939e-02
4.765625000000000000e-01,3.437500000000000000e-01,8.000000000000000383e-04,5.850000000000000165e-03
5.156250000000000000e-01,4.296875000000000000e-01,5.924999999999999711e-03,2.925000000000000083e-03
4.765625000000000000e-01,4.140625000000000000e-01,3.225000000000000002e-03,4.125000000000000194e-03
5.156250000000000000e-01,3.750000000000000000e-01,2.925000000000000083e-03,2.599999999999999881e-03
4.531250000000000000e-01,3.593750000000000000e-01,3.225000000000000002e-03,2.625000000000000163e-03
3.828125000000000000e-01,3.046875000000000000e-01,5.000000000000000240e-05,1.975000000000000193e-03
4.218750000000000000e-01,2.734375000000000000e-01,3.150000000000000022e-03,9.250000000000000409e-04
4.765625000000000000e-01,3.125000000000000000e-01,3.750000000000000078e-04,7.199999999999999803e-03
3.593750000000000000e-01,2.968750000000000000e-01,2.449999999999999921e-03,1.307499999999999982e-02
4.218750000000000000e-01,3.281250000000000000e-01,3.750000000000000078e-04,3.125000000000000173e-03
4.531250000000000000e-01,2.265625000000000000e-01,3.725000000000000012e-03,8.750000000000000182e-04
3.828125000000000000e-01,2.109375000000000000e-01,5.000000000000000104e-04,1.209999999999999964e-02
5.703125000000000000e-01,5.156250000000000000e-01,3.625000000000000184e-03,2.249999999999999830e-03
4.765625000000000000e-01,3.984375000000000000e-01,3.625000000000000184e-03,8.249999999999999955e-04
4.531250000000000000e-01,2.500000000000000000e-01,3.575000000000000053e-03,3.324999999999999831e-03
4.765625000000000000e-01,3.046875000000000000e-01,2.925000000000000083e-03,2.249999999999999830e-03
3.593750000000000000e-01,2.734375000000000000e-01,2.824999999999999820e-03,3.225000000000000002e-03
4.218750000000000000e-01,3.046875000000000000e-01,2.750000000000000166e-04,1.925000000000000062e-03
3.828125000000000000e-01,2.734375000000000000e-01,3.099999999999999891e-03,1.000000000000000021e-03
4.531250000000000000e-01,2.890625000000000000e-01,1.499999999999999869e-04,3.975000000000000235e-03
3.281250000000000000e-01,2.109375000000000000e-01,3.399999999999999811e-03,7.900000000000000772e-03
3.828125000000000000e-01,2.812500000000000000e-01,4.749999999999999990e-04,4.375000000000000416e-03
3.593750000000000000e-01,1.875000000000000000e-01,3.374999999999999962e-03,3.350000000000000113e-03
4.218750000000000000e-01,2.656250000000000000e-01,3.249999999999999851e-04,1.425000000000000051e-03
4.531250000000000000e-01,3.437500000000000000e-01,7.749999999999999944e-03,3.249999999999999851e-03
4.218750000000000000e-01,2.578125000000000000e-01,5.074999999999999650e-03,3.749999999999999861e-03
4.531250000000000000e-01,2.890625000000000000e-01,3.599999999999999901e-03,3.599999999999999901e-03
3.828125000000000000e-01,3.281250000000000000e-01,3.599999999999999901e-03,4.049999999999999781e-03
3.281250000000000000e-01,2.578125000000000000e-01,2.500000000000000120e-05,4.000000000000000083e-03
3.593750000000000000e-01,2.812500000000000000e-01,4.199999999999999740e-03,2.075000000000000022e-03
4.218750000000000000e-01,3.437500000000000000e-01,6.750000000000000357e-04,7.649999999999999682e-03
3.593750000000000000e-01,3.281250000000000000e-01,4.874999999999999993e-03,4.275000000000000154e-03
2.890625000000000000e-01,2.656250000000000000e-01,1.000000000000000048e-04,5.349999999999999721e-03
3.828125000000000000e-01,2.734375000000000000e-01,5.899999999999999863e-03,2.024999999999999890e-03
3.281250000000000000e-01,2.031250000000000000e-01,4.249999999999999763e-04,1.204999999999999995e-02
2.343750000000000000e-01,3.125000000000000000e-01,1.067500000000000046e-02,1.720000000000000001e-02
6.406250000000000000e-01,3.906250000000000000e-01,4.097499999999999754e-02,8.572499999999999565e-02
5.703125000000000000e-01,2.500000000000000000e-01,6.750000000000000357e-04,3.062499999999999944e-02
6.093750000000000000e-01,2.812500000000000000e-01,3.750000000000000078e-04,8.325000000000000455e-02
4.218750000000000000e-01,2.187500000000000000e-01,2.999999999999999737e-04,8.467500000000000027e-02
5.468750000000000000e-01,8.593750000000000000e-02,1.749999999999999982e-04,3.217500000000000221e-02
5.156250000000000000e-01,1.640625000000000000e-01,5.000000000000000104e-04,8.412500000000000533e-02
4.765625000000000000e-01,2.109375000000000000e-01,2.500000000000000120e-05,6.604999999999999760e-02
5.156250000000000000e-01,4.218750000000000000e-01,1.923749999999999905e-01,1.720000000000000001e-02
3.281250000000000000e-01,2.968750000000000000e-01,4.749999999999999990e-04,1.404999999999999999e-02
4.765625000000000000e-01,2.968750000000000000e-01,0.000000000000000000e+00,2.589999999999999941e-02
4.218750000000000000e-01,2.421875000000000000e-01,1.499999999999999869e-04,1.310000000000000053e-02
4.531250000000000000e-01,2.890625000000000000e-01,7.499999999999999343e-05,9.249999999999999542e-03
5.000000000000000000e-01,5.078125000000000000e-01,2.520000000000000018e-02,2.920000000000000026e-02
4.609375000000000000e-01,3.125000000000000000e-01,6.999999999999999929e-04,2.087500000000000119e-02
3.359375000000000000e-01,3.203125000000000000e-01,1.000000000000000048e-04,1.629999999999999852e-02
4.296875000000000000e-01,3.125000000000000000e-01,1.000000000000000048e-04,1.679999999999999896e-02
5.156250000000000000e-01,5.781250000000000000e-01,2.737500000000000003e-02,6.024999999999999974e-03
3.281250000000000000e-01,3.125000000000000000e-01,6.750000000000000357e-04,5.624999999999999792e-03
4.218750000000000000e-01,2.421875000000000000e-01,2.249999999999999938e-04,4.725000000000000033e-03
4.921875000000000000e-01,3.515625000000000000e-01,1.749999999999999982e-04,3.874999999999999972e-03
4.453125000000000000e-01,3.125000000000000000e-01,1.499999999999999869e-04,6.000000000000000125e-03
5.390625000000000000e-01,5.546875000000000000e-01,8.874999999999999209e-03,2.185000000000000137e-02
3.984375000000000000e-01,3.046875000000000000e-01,7.249999999999999500e-04,1.195000000000000055e-02
5.156250000000000000e-01,4.375000000000000000e-01,2.500000000000000120e-05,8.649999999999999703e-03
4.609375000000000000e-01,3.750000000000000000e-01,2.500000000000000052e-04,1.082499999999999955e-02
3.046875000000000000e-01,2.656250000000000000e-01,5.999999999999999474e-04,1.195000000000000055e-02
5.234375000000000000e-01,4.375000000000000000e-01,1.924999999999999975e-02,2.652499999999999997e-02
3.125000000000000000e-01,2.812500000000000000e-01,3.249999999999999851e-04,2.510000000000000078e-02
4.062500000000000000e-01,2.812500000000000000e-01,1.000000000000000048e-04,1.149999999999999981e-02
4.609375000000000000e-01,2.968750000000000000e-01,5.000000000000000240e-05,1.354999999999999954e-02
5.000000000000000000e-01,3.515625000000000000e-01,1.749999999999999982e-04,7.550000000000000287e-03
4.843750000000000000e-01,4.609375000000000000e-01,2.452500000000000166e-02,2.727500000000000063e-02
4.609375000000000000e-01,3.593750000000000000e-01,5.249999999999999676e-04,1.567500000000000143e-02
4.218750000000000000e-01,2.812500000000000000e-01,5.000000000000000240e-05,1.609999999999999973e-02
3.281250000000000000e-01,2.656250000000000000e-01,2.750000000000000166e-04,2.110000000000000070e-02
4.453125000000000000e-01,2.265625000000000000e-01,1.000000000000000048e-04,1.882500000000000145e-02
5.000000000000000000e-01,3.671875000000000000e-01,2.762500000000000025e-02,7.749999999999999944e-03
4.062500000000000000e-01,3.125000000000000000e-01,4.000000000000000192e-04,4.224999999999999589e-03
4.765625000000000000e-01,3.437500000000000000e-01,2.500000000000000120e-05,8.125000000000000278e-03
3.125000000000000000e-01,2.812500000000000000e-01,2.249999999999999938e-04,4.825000000000000296e-03
4.296875000000000000e-01,2.500000000000000000e-01,5.000000000000000240e-05,2.425000000000000072e-03
5.156250000000000000e-01,4.453125000000000000e-01,7.550000000000000287e-03,1.112499999999999947e-02
4.843750000000000000e-01,3.984375000000000000e-01,1.499999999999999869e-04,7.774999999999999793e-03
4.218750000000000000e-01,3.125000000000000000e-01,2.000000000000000096e-04,7.624999999999999833e-03
3.906250000000000000e-01,2.968750000000000000e-01,2.500000000000000120e-05,1.124999999999999958e-02
2.968750000000000000e-01,3.281250000000000000e-01,1.499999999999999869e-04,1.239999999999999956e-02
5.156250000000000000e-01,6.171875000000000000e-01,1.535000000000000080e-02,9.575000000000000178e-03
2.968750000000000000e-01,3.906250000000000000e-01,4.749999999999999990e-04,2.139999999999999888e-02
3.906250000000000000e-01,3.515625000000000000e-01,3.249999999999999851e-04,3.874999999999999972e-03
4.843750000000000000e-01,3.906250000000000000e-01,5.000000000000000240e-05,8.524999999999999592e-03
4.453125000000000000e-01,3.671875000000000000e-01,7.499999999999999343e-05,7.074999999999999692e-03
5.546875000000000000e-01,5.390625000000000000e-01,1.820000000000000090e-02,2.504999999999999935e-02
4.843750000000000000e-01,3.671875000000000000e-01,6.999999999999999929e-04,1.299999999999999940e-02
3.359375000000000000e-01,2.734375000000000000e-01,2.000000000000000096e-04,3.917500000000000149e-02
4.609375000000000000e-01,3.671875000000000000e-01,5.000000000000000240e-05,1.669999999999999957e-02
2.421875000000000000e-01,3.125000000000000000e-01,1.499999999999999869e-04,3.765000000000000291e-02
5.390625000000000000e-01,4.453125000000000000e-01,2.295000000000000165e-02,4.525000000000000376e-03
4.921875000000000000e-01,3.125000000000000000e-01,2.999999999999999737e-04,8.325000000000000802e-03
4.687500000000000000e-01,2.578125000000000000e-01,7.499999999999999343e-05,4.400000000000000265e-03
5.234375000000000000e-01,5.000000000000000000e-01,8.149999999999999259e-03,1.735000000000000084e-02
5.000000000000000000e-01,4.296875000000000000e-01,1.000000000000000048e-04,1.559999999999999928e-02
4.609375000000000000e-01,3.593750000000000000e-01,7.249999999999999500e-04,1.089999999999999997e-02
5.156250000000000000e-01,5.546875000000000000e-01,1.497500000000000046e-02,2.037500000000000075e-02
3.359375000000000000e-01,3.984375000000000000e-01,1.499999999999999869e-04,4.874999999999999993e-03
4.218750000000000000e-01,3.906250000000000000e-01,0.000000000000000000e+00,4.874999999999999993e-03
4.453125000000000000e-01,3.750000000000000000e-01,1.749999999999999982e-04,1.502500000000000016e-02
4.921875000000000000e-01,4.375000000000000000e-01,1.000000000000000048e-04,1.890000000000000013e-02
2.421875000000000000e-01,5.000000000000000000e-01,1.092500000000000068e-02,3.150000000000000022e-03
5.234375000000000000e-01,6.093750000000000000e-01,7.749999999999999944e-03,4.482499999999999679e-02
5.000000000000000000e-01,4.609375000000000000e-01,4.000000000000000192e-04,2.214999999999999955e-02
4.609375000000000000e-01,3.984375000000000000e-01,5.000000000000000240e-05,1.222499999999999976e-02
4.062500000000000000e-01,4.531250000000000000e-01,1.250000000000000026e-04,2.347499999999999934e-02
5.156250000000000000e-01,5.156250000000000000e-01,2.197500000000000148e-02,9.799999999999999684e-03
4.453125000000000000e-01,3.828125000000000000e-01,4.499999999999999877e-04,4.300000000000000003e-03
4.921875000000000000e-01,4.375000000000000000e-01,2.000000000000000096e-04,8.649999999999999703e-03
4.218750000000000000e-01,3.984375000000000000e-01,1.000000000000000048e-04,8.925000000000000641e-03
5.000000000000000000e-01,4.453125000000000000e-01,8.649999999999999703e-03,1.107499999999999978e-02
4.296875000000000000e-01,3.437500000000000000e-01,2.000000000000000096e-04,4.125000000000000194e-03
4.609375000000000000e-01,3.671875000000000000e-01,1.000000000000000048e-04,1.497500000000000046e-02
2.500000000000000000e-01,4.843750000000000000e-01,1.069999999999999944e-02,3.125000000000000173e-03
5.156250000000000000e-01,6.171875000000000000e-01,6.624999999999999813e-03,7.374999999999999611e-03
4.843750000000000000e-01,5.000000000000000000e-01,1.000000000000000048e-04,7.599999999999999985e-03
3.906250000000000000e-01,4.453125000000000000e-01,1.250000000000000026e-04,7.074999999999999692e-03
4.609375000000000000e-01,4.687500000000000000e-01,1.000000000000000048e-04,6.474999999999999853e-03
5.000000000000000000e-01,5.859375000000000000e-01,1.619999999999999912e-02,1.542499999999999948e-02
4.843750000000000000e-01,5.468750000000000000e-01,1.499999999999999869e-04,1.552500000000000061e-02
2.578125000000000000e-01,4.296875000000000000e-01,4.249999999999999763e-04,1.934999999999999915e-02
4.453125000000000000e-01,4.531250000000000000e-01,7.499999999999999343e-05,9.475000000000000783e-03
3.515625000000000000e-01,4.296875000000000000e-01,1.000000000000000048e-04,1.917500000000000107e-02
4.296875000000000000e-01,4.453125000000000000e-01,1.352500000000000056e-02,2.824999999999999820e-03
4.765625000000000000e-01,5.078125000000000000e-01,1.499999999999999869e-04,5.374999999999999570e-03
4.453125000000000000e-01,1.562500000000000000e-01,6.174999999999999933e-03,4.100000000000000346e-03
4.843750000000000000e-01,5.468750000000000000e-01,1.000000000000000048e-04,4.599999999999999922e-03
5.156250000000000000e-01,6.562500000000000000e-01,0.000000000000000000e+00,5.250000000000000326e-03
4.218750000000000000e-01,5.156250000000000000e-01,6.999999999999999929e-04,4.074999999999999629e-03
2.578125000000000000e-01,5.625000000000000000e-01,3.200000000000000153e-03,2.050000000000000173e-03
5.390625000000000000e-01,6.406250000000000000e-01,6.400000000000000307e-03,1.832500000000000101e-02
5.156250000000000000e-01,4.296875000000000000e-01,8.249999999999999955e-04,1.264999999999999979e-02
4.609375000000000000e-01,4.296875000000000000e-01,2.500000000000000120e-05,1.027499999999999941e-02
3.984375000000000000e-01,5.390625000000000000e-01,7.499999999999999343e-05,1.497500000000000046e-02
4.609375000000000000e-01,3.828125000000000000e-01,1.575000000000000011e-02,6.024999999999999974e-03
5.234375000000000000e-01,4.921875000000000000e-01,1.250000000000000026e-04,6.825000000000000337e-03
4.062500000000000000e-01,3.828125000000000000e-01,1.000000000000000048e-04,6.174999999999999933e-03
5.000000000000000000e-01,4.218750000000000000e-01,1.250000000000000026e-04,6.525000000000000418e-03
4.843750000000000000e-01,5.000000000000000000e-01,1.729999999999999941e-02,2.375000000000000028e-02
2.578125000000000000e-01,3.750000000000000000e-01,2.000000000000000096e-04,1.135000000000000071e-02
3.515625000000000000e-01,3.515625000000000000e-01,7.499999999999999343e-05,1.402499999999999927e-02
4.218750000000000000e-01,3.046875000000000000e-01,1.000000000000000048e-04,7.974999999999999450e-03
4.609375000000000000e-01,3.984375000000000000e-01,0.000000000000000000e+00,8.300000000000000086e-03
4.453125000000000000e-01,3.125000000000000000e-01,4.249999999999999763e-04,6.675000000000000377e-03
5.000000000000000000e-01,4.296875000000000000e-01,2.242500000000000049e-02,8.449999999999999178e-03
4.062500000000000000e-01,4.140625000000000000e-01,2.249999999999999938e-04,1.275000000000000092e-03
4.296875000000000000e-01,3.437500000000000000e-01,3.499999999999999964e-04,1.724999999999999971e-03
4.765625000000000000e-01,3.281250000000000000e-01,5.749999999999999903e-04,6.725000000000000075e-03
5.156250000000000000e-01,4.843750000000000000e-01,7.624999999999999833e-03,9.525000000000000480e-03
4.843750000000000000e-01,3.750000000000000000e-01,4.749999999999999990e-04,7.425000000000000176e-03
3.906250000000000000e-01,3.359375000000000000e-01,1.250000000000000026e-04,1.227499999999999945e-02
4.218750000000000000e-01,2.734375000000000000e-01,1.499999999999999869e-04,6.125000000000000236e-03
2.968750000000000000e-01,3.359375000000000000e-01,5.000000000000000240e-05,1.252499999999999968e-02
5.156250000000000000e-01,6.093750000000000000e-01,1.547499999999999917e-02,9.775000000000000702e-03
3.906250000000000000e-01,3.593750000000000000e-01,5.749999999999999903e-04,5.449999999999999983e-03
2.968750000000000000e-01,3.671875000000000000e-01,2.000000000000000096e-04,2.432499999999999940e-02
4.453125000000000000e-01,3.906250000000000000e-01,1.250000000000000026e-04,5.924999999999999711e-03
4.843750000000000000e-01,2.890625000000000000e-01,7.500000000000000156e-04,7.174999999999999954e-03
5.781250000000000000e-01,5.937500000000000000e-01,1.987500000000000031e-02,2.104999999999999927e-02
5.546875000000000000e-01,4.218750000000000000e-01,5.749999999999999903e-04,1.292500000000000072e-02
2.421875000000000000e-01,2.578125000000000000e-01,3.249999999999999851e-04,4.932500000000000079e-02
4.843750000000000000e-01,3.437500000000000000e-01,7.499999999999999343e-05,2.907500000000000015e-02
3.359375000000000000e-01,3.203125000000000000e-01,2.500000000000000120e-05,4.812500000000000111e-02
5.546875000000000000e-01,5.000000000000000000e-01,1.839999999999999969e-02,2.107499999999999998e-02
5.234375000000000000e-01,3.671875000000000000e-01,5.249999999999999676e-04,9.124999999999999431e-03
5.234375000000000000e-01,4.687500000000000000e-01,1.792499999999999996e-02,2.067499999999999893e-02
4.609375000000000000e-01,3.281250000000000000e-01,2.000000000000000096e-04,9.275000000000000258e-03
4.921875000000000000e-01,3.984375000000000000e-01,0.000000000000000000e+00,8.625000000000000722e-03
5.000000000000000000e-01,4.062500000000000000e-01,1.845000000000000112e-02,7.474999999999999874e-03
2.421875000000000000e-01,3.359375000000000000e-01,5.249999999999999676e-04,1.264999999999999979e-02
4.609375000000000000e-01,3.359375000000000000e-01,0.000000000000000000e+00,5.799999999999999600e-03
3.359375000000000000e-01,2.656250000000000000e-01,1.749999999999999982e-04,1.255000000000000039e-02
4.296875000000000000e-01,2.890625000000000000e-01,1.000000000000000048e-04,9.424999999999999351e-03
4.765625000000000000e-01,3.359375000000000000e-01,2.469999999999999973e-02,2.050000000000000086e-02
5.234375000000000000e-01,4.062500000000000000e-01,7.499999999999999343e-05,4.929999999999999660e-02
4.062500000000000000e-01,2.890625000000000000e-01,1.749999999999999982e-04,1.507499999999999986e-02
2.578125000000000000e-01,2.968750000000000000e-01,5.000000000000000104e-04,1.504999999999999914e-02
3.515625000000000000e-01,2.734375000000000000e-01,2.500000000000000120e-05,5.032500000000000168e-02
5.156250000000000000e-01,3.593750000000000000e-01,4.639999999999999680e-02,1.337499999999999974e-02
4.218750000000000000e-01,1.328125000000000000e-01,5.000000000000000240e-05,1.072500000000000016e-02
3.906250000000000000e-01,2.500000000000000000e-01,2.500000000000000120e-05,1.515000000000000027e-02
4.843750000000000000e-01,2.812500000000000000e-01,0.000000000000000000e+00,1.179999999999999973e-02
2.968750000000000000e-01,2.500000000000000000e-01,5.999999999999999474e-04,1.577500000000000083e-02
4.921875000000000000e-01,5.156250000000000000e-01,2.252499999999999988e-02,1.307499999999999982e-02
4.609375000000000000e-01,3.750000000000000000e-01,5.500000000000000331e-04,1.500000000000000031e-03
3.671875000000000000e-01,3.125000000000000000e-01,7.499999999999999343e-05,1.002499999999999919e-02
5.156250000000000000e-01,3.828125000000000000e-01,0.000000000000000000e+00,5.499999999999999681e-03
2.734375000000000000e-01,3.281250000000000000e-01,1.000000000000000048e-04,1.047499999999999994e-02
5.312500000000000000e-01,3.437500000000000000e-01,6.024999999999999974e-03,3.174999999999999871e-03
5.156250000000000000e-01,3.750000000000000000e-01,3.599999999999999901e-03,4.125000000000000194e-03
5.312500000000000000e-01,4.375000000000000000e-01,3.824999999999999841e-03,4.499999999999999660e-03
5.000000000000000000e-01,4.296875000000000000e-01,4.349999999999999700e-03,1.414999999999999938e-02
4.765625000000000000e-01,4.453125000000000000e-01,3.499999999999999964e-04,1.172499999999999931e-02
3.281250000000000000e-01,4.609375000000000000e-01,2.750000000000000166e-04,3.927499999999999741e-02
5.156250000000000000e-01,4.453125000000000000e-01,1.000000000000000048e-04,5.275000000000000175e-03
2.343750000000000000e-01,4.140625000000000000e-01,7.499999999999999343e-05,3.847500000000000225e-02
5.312500000000000000e-01,4.296875000000000000e-01,4.799999999999999580e-03,3.225000000000000002e-03
5.156250000000000000e-01,4.765625000000000000e-01,3.299999999999999982e-03,5.400000000000000286e-03
5.312500000000000000e-01,4.296875000000000000e-01,3.874999999999999972e-03,3.350000000000000113e-03
4.765625000000000000e-01,3.984375000000000000e-01,3.299999999999999982e-03,3.650000000000000033e-03
4.921875000000000000e-01,4.375000000000000000e-01,3.725000000000000012e-03,3.399999999999999811e-03
4.765625000000000000e-01,4.375000000000000000e-01,3.024999999999999911e-03,3.850000000000000124e-03
4.921875000000000000e-01,4.687500000000000000e-01,3.399999999999999811e-03,7.950000000000000469e-03
5.000000000000000000e-01,4.921875000000000000e-01,3.575000000000000053e-03,4.250000000000000305e-03
5.156250000000000000e-01,4.765625000000000000e-01,3.874999999999999972e-03,3.399999999999999811e-03
5.000000000000000000e-01,4.843750000000000000e-01,3.324999999999999831e-03,3.449999999999999942e-03
5.156250000000000000e-01,5.000000000000000000e-01,3.550000000000000204e-03,3.874999999999999972e-03
4.531250000000000000e-01,5.234375000000000000e-01,3.174999999999999871e-03,7.875000000000000056e-03
4.218750000000000000e-01,3.046875000000000000e-01,8.999999999999999754e-04,1.107499999999999978e-02
3.281250000000000000e-01,3.437500000000000000e-01,1.499999999999999869e-04,8.800000000000000530e-03
2.343750000000000000e-01,3.515625000000000000e-01,2.500000000000000120e-05,8.500000000000000611e-03
5.000000000000000000e-01,3.906250000000000000e-01,2.500000000000000052e-04,4.150000000000000043e-03
5.156250000000000000e-01,3.984375000000000000e-01,4.700000000000000185e-03,3.374999999999999962e-03
5.000000000000000000e-01,4.062500000000000000e-01,3.200000000000000153e-03,3.700000000000000164e-03
5.156250000000000000e-01,4.687500000000000000e-01,3.599999999999999901e-03,3.924999999999999670e-03
4.921875000000000000e-01,4.609375000000000000e-01,4.774999999999999731e-03,4.825000000000000296e-03
4.218750000000000000e-01,3.515625000000000000e-01,2.750000000000000166e-04,1.152500000000000052e-02
4.609375000000000000e-01,3.125000000000000000e-01,3.499999999999999964e-04,1.004999999999999991e-02
2.734375000000000000e-01,3.750000000000000000e-01,2.500000000000000120e-05,3.830000000000000071e-02
3.671875000000000000e-01,3.515625000000000000e-01,0.000000000000000000e+00,3.892500000000000127e-02
5.000000000000000000e-01,3.828125000000000000e-01,4.575000000000000074e-03,3.850000000000000124e-03
4.921875000000000000e-01,4.531250000000000000e-01,3.924999999999999670e-03,6.499999999999999702e-03
5.000000000000000000e-01,4.453125000000000000e-01,2.724999999999999992e-03,3.550000000000000204e-03
4.609375000000000000e-01,4.296875000000000000e-01,3.374999999999999962e-03,3.799999999999999992e-03
4.765625000000000000e-01,4.687500000000000000e-01,3.449999999999999942e-03,3.299999999999999982e-03
4.609375000000000000e-01,5.000000000000000000e-01,3.099999999999999891e-03,3.799999999999999992e-03
4.765625000000000000e-01,5.000000000000000000e-01,3.324999999999999831e-03,7.250000000000000368e-03
4.921875000000000000e-01,5.546875000000000000e-01,3.550000000000000204e-03,4.199999999999999740e-03
5.000000000000000000e-01,5.703125000000000000e-01,3.399999999999999811e-03,3.850000000000000124e-03
4.921875000000000000e-01,5.625000000000000000e-01,3.399999999999999811e-03,3.975000000000000235e-03
5.000000000000000000e-01,5.546875000000000000e-01,3.099999999999999891e-03,4.074999999999999629e-03
5.234375000000000000e-01,6.250000000000000000e-01,3.950000000000000386e-03,9.025000000000000036e-03
4.843750000000000000e-01,4.609375000000000000e-01,5.500000000000000331e-04,5.049999999999999802e-03
3.671875000000000000e-01,2.812500000000000000e-01,1.499999999999999869e-04,1.237500000000000058e-02
4.296875000000000000e-01,4.609375000000000000e-01,7.499999999999999343e-05,1.129999999999999928e-02
2.734375000000000000e-01,2.968750000000000000e-01,2.000000000000000096e-04,1.864999999999999991e-02
5.000000000000000000e-01,4.296875000000000000e-01,5.150000000000000064e-03,3.749999999999999861e-03
4.843750000000000000e-01,4.765625000000000000e-01,3.674999999999999881e-03,4.100000000000000346e-03
5.000000000000000000e-01,4.453125000000000000e-01,4.275000000000000154e-03,4.474999999999999811e-03
5.156250000000000000e-01,5.781250000000000000e-01,4.599999999999999922e-03,1.159999999999999920e-02
4.843750000000000000e-01,4.921875000000000000e-01,4.499999999999999877e-04,5.324999999999999872e-03
3.515625000000000000e-01,3.593750000000000000e-01,3.249999999999999851e-04,4.295000000000000207e-02
4.218750000000000000e-01,3.828125000000000000e-01,0.000000000000000000e+00,1.042500000000000024e-02
2.578125000000000000e-01,4.140625000000000000e-01,2.000000000000000096e-04,2.317500000000000115e-02
4.687500000000000000e-01,2.812500000000000000e-01,1.000000000000000048e-04,1.177500000000000074e-02
5.000000000000000000e-01,4.218750000000000000e-01,5.174999999999999913e-03,2.625000000000000163e-03
4.843750000000000000e-01,4.296875000000000000e-01,2.975000000000000214e-03,4.074999999999999629e-03
5.000000000000000000e-01,4.375000000000000000e-01,3.024999999999999911e-03,2.575000000000000032e-03
4.453125000000000000e-01,4.140625000000000000e-01,3.249999999999999851e-03,2.925000000000000083e-03
4.609375000000000000e-01,4.453125000000000000e-01,3.374999999999999962e-03,3.200000000000000153e-03
4.453125000000000000e-01,4.531250000000000000e-01,3.324999999999999831e-03,3.425000000000000093e-03
4.609375000000000000e-01,4.531250000000000000e-01,3.299999999999999982e-03,3.524999999999999922e-03
4.687500000000000000e-01,4.296875000000000000e-01,3.674999999999999881e-03,3.550000000000000204e-03
4.843750000000000000e-01,5.000000000000000000e-01,3.225000000000000002e-03,1.750000000000000036e-03
4.687500000000000000e-01,4.687500000000000000e-01,3.075000000000000042e-03,3.050000000000000194e-03
4.843750000000000000e-01,4.609375000000000000e-01,3.474999999999999790e-03,3.024999999999999911e-03
5.390625000000000000e-01,5.625000000000000000e-01,3.050000000000000194e-03,1.212500000000000036e-02
5.156250000000000000e-01,5.312500000000000000e-01,4.249999999999999763e-04,1.209999999999999964e-02
3.906250000000000000e-01,3.203125000000000000e-01,8.000000000000000383e-04,5.324999999999999872e-03
2.968750000000000000e-01,3.515625000000000000e-01,1.000000000000000048e-04,1.820000000000000090e-02
4.687500000000000000e-01,8.593750000000000000e-02,9.749999999999999552e-04,2.024999999999999890e-03
4.843750000000000000e-01,4.218750000000000000e-01,3.150000000000000022e-03,2.975000000000000214e-03
4.687500000000000000e-01,2.890625000000000000e-01,3.550000000000000204e-03,2.650000000000000012e-03
4.843750000000000000e-01,3.281250000000000000e-01,3.650000000000000033e-03,5.125000000000000215e-03
5.546875000000000000e-01,5.234375000000000000e-01,5.250000000000000326e-03,9.199999999999999845e-03
5.234375000000000000e-01,4.062500000000000000e-01,2.500000000000000052e-04,1.062500000000000076e-02
2.421875000000000000e-01,3.984375000000000000e-01,2.750000000000000166e-04,5.049999999999999802e-03
3.359375000000000000e-01,3.437500000000000000e-01,2.500000000000000052e-04,6.300000000000000044e-03
4.609375000000000000e-01,3.515625000000000000e-01,3.499999999999999964e-04,4.125000000000000194e-03
4.687500000000000000e-01,3.593750000000000000e-01,4.575000000000000074e-03,2.399999999999999790e-03
4.609375000000000000e-01,4.531250000000000000e-01,2.625000000000000163e-03,2.850000000000000103e-03
4.687500000000000000e-01,3.593750000000000000e-01,2.749999999999999840e-03,5.999999999999999474e-04
4.453125000000000000e-01,4.062500000000000000e-01,3.575000000000000053e-03,3.000000000000000062e-03
5.000000000000000000e-01,5.468750000000000000e-01,1.250000000000000026e-04,8.625000000000000722e-03
5.625000000000000000e-01,5.546875000000000000e-01,2.500000000000000052e-04,3.299999999999999982e-03
4.609375000000000000e-01,4.140625000000000000e-01,3.150000000000000022e-03,2.425000000000000072e-03
5.781250000000000000e-01,5.781250000000000000e-01,7.499999999999999343e-05,3.050000000000000194e-03
4.453125000000000000e-01,5.078125000000000000e-01,2.599999999999999881e-03,3.625000000000000184e-03
5.156250000000000000e-01,6.328125000000000000e-01,4.000000000000000192e-04,3.950000000000000386e-03
5.625000000000000000e-01,5.390625000000000000e-01,2.500000000000000120e-05,4.100000000000000346e-03
4.609375000000000000e-01,4.843750000000000000e-01,2.824999999999999820e-03,3.374999999999999962e-03
5.781250000000000000e-01,5.781250000000000000e-01,2.500000000000000052e-04,1.699999999999999905e-03
4.843750000000000000e-01,5.546875000000000000e-01,3.449999999999999942e-03,9.499999999999999764e-03
5.234375000000000000e-01,6.015625000000000000e-01,2.500000000000000120e-05,1.032500000000000084e-02
5.546875000000000000e-01,5.781250000000000000e-01,2.500000000000000120e-05,4.024999999999999932e-03
4.296875000000000000e-01,4.921875000000000000e-01,1.749999999999999982e-04,3.050000000000000194e-03
5.625000000000000000e-01,6.328125000000000000e-01,3.200000000000000153e-03,3.050000000000000194e-03
4.453125000000000000e-01,4.921875000000000000e-01,2.249999999999999938e-04,3.324999999999999831e-03
5.546875000000000000e-01,5.546875000000000000e-01,3.099999999999999891e-03,3.524999999999999922e-03
4.296875000000000000e-01,5.625000000000000000e-01,1.499999999999999869e-04,2.399999999999999790e-03
5.625000000000000000e-01,5.781250000000000000e-01,2.449999999999999921e-03,1.325000000000000006e-03
4.453125000000000000e-01,5.859375000000000000e-01,3.249999999999999851e-04,4.324999999999999852e-03
5.390625000000000000e-01,5.625000000000000000e-01,3.775000000000000144e-03,1.064999999999999974e-02
4.687500000000000000e-01,5.078125000000000000e-01,2.000000000000000096e-04,3.399999999999999811e-03
5.156250000000000000e-01,5.156250000000000000e-01,1.499999999999999869e-04,9.974999999999999492e-03
3.906250000000000000e-01,2.812500000000000000e-01,6.250000000000000130e-04,4.825000000000000296e-03
3.750000000000000000e-01,3.515625000000000000e-01,2.500000000000000120e-05,3.775000000000000144e-03
4.843750000000000000e-01,5.390625000000000000e-01,2.850000000000000103e-03,2.575000000000000032e-03
4.687500000000000000e-01,5.234375000000000000e-01,2.625000000000000163e-03,3.275000000000000133e-03
4.843750000000000000e-01,5.468750000000000000e-01,2.650000000000000012e-03,9.499999999999999981e-04
3.359375000000000000e-01,5.390625000000000000e-01,3.249999999999999851e-04,9.350000000000000672e-03
4.609375000000000000e-01,6.171875000000000000e-01,4.174999999999999892e-03,9.575000000000000178e-03
5.781250000000000000e-01,6.328125000000000000e-01,3.174999999999999871e-03,7.049999999999999843e-03
5.234375000000000000e-01,5.390625000000000000e-01,7.499999999999999343e-05,3.144999999999999879e-02
5.078125000000000000e-01,5.781250000000000000e-01,1.250000000000000026e-04,3.157499999999999890e-02
5.937500000000000000e-01,5.859375000000000000e-01,6.000000000000000125e-03,3.650000000000000033e-03
4.687500000000000000e-01,4.843750000000000000e-01,2.999999999999999737e-04,3.975000000000000235e-03
4.609375000000000000e-01,5.234375000000000000e-01,3.024999999999999911e-03,2.650000000000000012e-03
5.781250000000000000e-01,6.250000000000000000e-01,1.499999999999999869e-04,4.449999999999999963e-03
5.937500000000000000e-01,5.937500000000000000e-01,2.925000000000000083e-03,3.249999999999999851e-03
4.687500000000000000e-01,4.609375000000000000e-01,2.249999999999999938e-04,2.724999999999999992e-03
5.625000000000000000e-01,5.937500000000000000e-01,2.975000000000000214e-03,3.749999999999999861e-03
4.453125000000000000e-01,5.000000000000000000e-01,2.500000000000000052e-04,2.925000000000000083e-03
5.781250000000000000e-01,6.250000000000000000e-01,3.024999999999999911e-03,3.775000000000000144e-03
4.609375000000000000e-01,5.234375000000000000e-01,1.250000000000000026e-04,3.425000000000000093e-03
5.625000000000000000e-01,6.171875000000000000e-01,3.099999999999999891e-03,3.725000000000000012e-03
4.453125000000000000e-01,5.312500000000000000e-01,2.500000000000000052e-04,2.475000000000000203e-03
5.781250000000000000e-01,6.328125000000000000e-01,3.200000000000000153e-03,3.700000000000000164e-03
4.609375000000000000e-01,5.078125000000000000e-01,2.500000000000000120e-05,3.599999999999999901e-03
5.546875000000000000e-01,5.703125000000000000e-01,3.674999999999999881e-03,6.100000000000000387e-03
4.296875000000000000e-01,5.156250000000000000e-01,1.749999999999999982e-04,2.949999999999999931e-03
4.453125000000000000e-01,5.468750000000000000e-01,3.350000000000000113e-03,3.075000000000000042e-03
5.625000000000000000e-01,6.406250000000000000e-01,5.000000000000000240e-05,3.650000000000000033e-03
5.546875000000000000e-01,3.593750000000000000e-01,2.949999999999999931e-03,4.100000000000000346e-03
4.296875000000000000e-01,5.234375000000000000e-01,1.250000000000000026e-04,1.799999999999999951e-03
4.453125000000000000e-01,5.312500000000000000e-01,3.050000000000000194e-03,2.500000000000000052e-03
5.625000000000000000e-01,6.328125000000000000e-01,5.249999999999999676e-04,4.049999999999999781e-03
5.546875000000000000e-01,5.390625000000000000e-01,3.950000000000000386e-03,4.975000000000000255e-03
5.078125000000000000e-01,6.015625000000000000e-01,1.250000000000000026e-04,4.525000000000000376e-03
4.296875000000000000e-01,6.328125000000000000e-01,1.250000000000000026e-04,3.924999999999999670e-03
3.359375000000000000e-01,5.625000000000000000e-01,1.499999999999999869e-04,2.674999999999999861e-03
5.625000000000000000e-01,6.796875000000000000e-01,3.725000000000000012e-03,1.250000000000000026e-03
5.000000000000000000e-01,6.328125000000000000e-01,7.499999999999999343e-05,1.199999999999999895e-03
6.171875000000000000e-01,7.031250000000000000e-01,6.374999999999999591e-03,4.899999999999999842e-03
5.937500000000000000e-01,5.781250000000000000e-01,5.000000000000000240e-05,5.224999999999999610e-03
5.000000000000000000e-01,5.546875000000000000e-01,2.500000000000000120e-05,4.499999999999999660e-03
5.234375000000000000e-01,5.390625000000000000e-01,1.499999999999999869e-04,5.275000000000000175e-03
5.625000000000000000e-01,5.546875000000000000e-01,1.499999999999999869e-04,4.799999999999999580e-03
4.296875000000000000e-01,4.921875000000000000e-01,5.000000000000000240e-05,4.825000000000000296e-03
3.750000000000000000e-01,5.078125000000000000e-01,2.500000000000000120e-05,4.250000000000000305e-03
5.000000000000000000e-01,4.765625000000000000e-01,1.034999999999999983e-02,5.875000000000000014e-03
6.171875000000000000e-01,6.250000000000000000e-01,1.749999999999999982e-04,2.234999999999999834e-02
5.937500000000000000e-01,5.000000000000000000e-01,5.000000000000000240e-05,2.429999999999999868e-02
3.750000000000000000e-01,4.296875000000000000e-01,1.000000000000000048e-04,6.349999999999999742e-03
5.625000000000000000e-01,4.843750000000000000e-01,2.500000000000000120e-05,2.407499999999999918e-02
5.234375000000000000e-01,5.078125000000000000e-01,5.000000000000000240e-05,5.000000000000000104e-03
4.296875000000000000e-01,4.843750000000000000e-01,2.500000000000000120e-05,7.900000000000000772e-03
5.390625000000000000e-01,5.156250000000000000e-01,4.425000000000000114e-03,3.374999999999999962e-03
5.234375000000000000e-01,5.156250000000000000e-01,3.299999999999999982e-03,3.874999999999999972e-03
5.390625000000000000e-01,5.234375000000000000e-01,3.099999999999999891e-03,1.204999999999999995e-02
4.687500000000000000e-01,4.531250000000000000e-01,3.324999999999999831e-03,3.449999999999999942e-03
4.843750000000000000e-01,5.859375000000000000e-01,3.299999999999999982e-03,3.899999999999999821e-03
4.687500000000000000e-01,5.078125000000000000e-01,3.299999999999999982e-03,3.899999999999999821e-03
4.843750000000000000e-01,5.390625000000000000e-01,3.350000000000000113e-03,3.075000000000000042e-03
5.000000000000000000e-01,5.390625000000000000e-01,3.425000000000000093e-03,3.050000000000000194e-03
5.078125000000000000e-01,5.703125000000000000e-01,3.225000000000000002e-03,3.399999999999999811e-03
5.000000000000000000e-01,5.468750000000000000e-01,3.150000000000000022e-03,3.775000000000000144e-03
5.078125000000000000e-01,5.234375000000000000e-01,3.099999999999999891e-03,6.999999999999999929e-04
6.171875000000000000e-01,5.390625000000000000e-01,3.249999999999999851e-03,1.027499999999999941e-02
5.234375000000000000e-01,5.234375000000000000e-01,1.000000000000000048e-04,4.125000000000000194e-03
5.937500000000000000e-01,4.453125000000000000e-01,7.499999999999999343e-05,1.099999999999999936e-02
5.625000000000000000e-01,4.218750000000000000e-01,2.249999999999999938e-04,1.077499999999999986e-02
4.062500000000000000e-01,5.234375000000000000e-01,3.499999999999999964e-04,3.350000000000000113e-03
4.140625000000000000e-01,5.703125000000000000e-01,3.174999999999999871e-03,2.724999999999999992e-03
5.390625000000000000e-01,5.859375000000000000e-01,0.000000000000000000e+00,2.899999999999999800e-03
5.234375000000000000e-01,6.562500000000000000e-01,2.799999999999999972e-03,4.150000000000000043e-03
4.062500000000000000e-01,5.468750000000000000e-01,1.250000000000000026e-04,2.975000000000000214e-03
4.140625000000000000e-01,5.937500000000000000e-01,2.749999999999999840e-03,1.350000000000000071e-03
5.390625000000000000e-01,5.546875000000000000e-01,1.250000000000000026e-04,1.775000000000000102e-03
6.171875000000000000e-01,5.312500000000000000e-01,5.300000000000000024e-03,7.250000000000000368e-03
5.781250000000000000e-01,4.453125000000000000e-01,3.750000000000000078e-04,7.324999999999999914e-03
5.546875000000000000e-01,4.375000000000000000e-01,7.499999999999999343e-05,7.174999999999999954e-03
5.078125000000000000e-01,4.765625000000000000e-01,7.499999999999999343e-05,8.449999999999999178e-03
5.234375000000000000e-01,4.218750000000000000e-01,0.000000000000000000e+00,7.950000000000000469e-03
3.359375000000000000e-01,4.687500000000000000e-01,2.500000000000000120e-05,3.249999999999999851e-03
4.296875000000000000e-01,5.156250000000000000e-01,2.500000000000000120e-05,5.850000000000000165e-03
6.015625000000000000e-01,1.562500000000000000e-01,7.249999999999999500e-04,1.124999999999999915e-03
4.453125000000000000e-01,5.312500000000000000e-01,5.224999999999999610e-03,2.550000000000000183e-03
4.296875000000000000e-01,4.609375000000000000e-01,2.949999999999999931e-03,3.050000000000000194e-03
4.453125000000000000e-01,4.609375000000000000e-01,3.425000000000000093e-03,3.275000000000000133e-03
4.609375000000000000e-01,4.921875000000000000e-01,3.275000000000000133e-03,2.799999999999999972e-03
4.296875000000000000e-01,4.531250000000000000e-01,1.499999999999999869e-04,2.374999999999999941e-03
4.453125000000000000e-01,4.531250000000000000e-01,2.749999999999999840e-03,2.850000000000000103e-03
4.687500000000000000e-01,5.312500000000000000e-01,7.499999999999999343e-05,3.150000000000000022e-03
4.296875000000000000e-01,4.140625000000000000e-01,3.099999999999999891e-03,3.249999999999999851e-03
4.609375000000000000e-01,5.156250000000000000e-01,2.500000000000000120e-05,3.324999999999999831e-03
4.687500000000000000e-01,5.546875000000000000e-01,3.249999999999999851e-03,3.200000000000000153e-03
4.453125000000000000e-01,4.453125000000000000e-01,2.500000000000000120e-05,2.324999999999999810e-03
4.609375000000000000e-01,4.531250000000000000e-01,3.050000000000000194e-03,2.399999999999999790e-03
4.843750000000000000e-01,5.937500000000000000e-01,3.499999999999999964e-04,3.524999999999999922e-03
4.687500000000000000e-01,4.609375000000000000e-01,2.599999999999999881e-03,3.150000000000000022e-03
5.000000000000000000e-01,5.625000000000000000e-01,5.749999999999999903e-04,1.975000000000000193e-03
4.843750000000000000e-01,5.781250000000000000e-01,3.000000000000000062e-03,3.299999999999999982e-03
4.609375000000000000e-01,4.765625000000000000e-01,4.000000000000000192e-04,3.275000000000000133e-03
5.000000000000000000e-01,5.625000000000000000e-01,2.674999999999999861e-03,7.500000000000000156e-04
4.687500000000000000e-01,4.375000000000000000e-01,4.499999999999999877e-04,6.999999999999999929e-04
5.781250000000000000e-01,7.187500000000000000e-01,3.924999999999999670e-03,1.412500000000000040e-02
5.546875000000000000e-01,5.937500000000000000e-01,2.750000000000000166e-04,1.140000000000000041e-02
5.078125000000000000e-01,4.531250000000000000e-01,2.000000000000000096e-04,4.599999999999999922e-03
4.843750000000000000e-01,5.468750000000000000e-01,1.000000000000000048e-04,4.474999999999999811e-03
3.906250000000000000e-01,4.843750000000000000e-01,5.000000000000000240e-05,4.774999999999999731e-03
5.312500000000000000e-01,4.843750000000000000e-01,4.825000000000000296e-03,2.899999999999999800e-03
5.078125000000000000e-01,4.453125000000000000e-01,3.249999999999999851e-03,3.924999999999999670e-03
5.312500000000000000e-01,4.218750000000000000e-01,4.649999999999999620e-03,4.550000000000000225e-03
5.781250000000000000e-01,6.796875000000000000e-01,3.924999999999999670e-03,1.102500000000000008e-02
2.578125000000000000e-01,6.171875000000000000e-01,2.249999999999999938e-04,3.874999999999999972e-03
3.515625000000000000e-01,6.328125000000000000e-01,7.499999999999999343e-05,4.575000000000000074e-03
5.546875000000000000e-01,5.703125000000000000e-01,1.749999999999999982e-04,1.102500000000000008e-02
5.078125000000000000e-01,5.078125000000000000e-01,1.000000000000000048e-04,4.324999999999999852e-03
5.312500000000000000e-01,4.296875000000000000e-01,5.425000000000000135e-03,2.000000000000000042e-03
5.078125000000000000e-01,3.984375000000000000e-01,2.899999999999999800e-03,2.500000000000000052e-03
5.312500000000000000e-01,3.281250000000000000e-01,2.449999999999999921e-03,8.000000000000000383e-04
4.375000000000000000e-01,3.906250000000000000e-01,3.350000000000000113e-03,2.625000000000000163e-03
4.609375000000000000e-01,4.765625000000000000e-01,3.249999999999999851e-04,2.550000000000000183e-03
4.453125000000000000e-01,4.531250000000000000e-01,3.075000000000000042e-03,2.599999999999999881e-03
4.687500000000000000e-01,5.000000000000000000e-01,0.000000000000000000e+00,2.625000000000000163e-03
4.375000000000000000e-01,3.828125000000000000e-01,2.625000000000000163e-03,3.324999999999999831e-03
4.609375000000000000e-01,5.234375000000000000e-01,2.750000000000000166e-04,2.599999999999999881e-03
4.453125000000000000e-01,4.531250000000000000e-01,3.050000000000000194e-03,3.524999999999999922e-03
4.687500000000000000e-01,4.843750000000000000e-01,2.500000000000000120e-05,3.024999999999999911e-03
4.609375000000000000e-01,4.375000000000000000e-01,3.174999999999999871e-03,2.500000000000000052e-03
4.843750000000000000e-01,6.093750000000000000e-01,2.249999999999999938e-04,3.650000000000000033e-03
4.687500000000000000e-01,5.000000000000000000e-01,2.975000000000000214e-03,1.525000000000000097e-03
5.000000000000000000e-01,5.703125000000000000e-01,2.500000000000000052e-04,1.874999999999999931e-03
4.609375000000000000e-01,5.312500000000000000e-01,2.925000000000000083e-03,3.674999999999999881e-03
4.843750000000000000e-01,6.171875000000000000e-01,7.499999999999999343e-05,3.275000000000000133e-03
4.687500000000000000e-01,5.781250000000000000e-01,2.925000000000000083e-03,1.149999999999999981e-03
5.000000000000000000e-01,5.781250000000000000e-01,5.000000000000000240e-05,1.025000000000000086e-03
5.781250000000000000e-01,6.796875000000000000e-01,3.950000000000000386e-03,1.222499999999999976e-02
5.078125000000000000e-01,6.015625000000000000e-01,1.250000000000000026e-04,4.049999999999999781e-03
5.546875000000000000e-01,5.937500000000000000e-01,2.500000000000000120e-05,1.112499999999999947e-02
3.906250000000000000e-01,5.859375000000000000e-01,2.999999999999999737e-04,5.374999999999999570e-03
4.843750000000000000e-01,6.015625000000000000e-01,0.000000000000000000e+00,4.550000000000000225e-03
5.312500000000000000e-01,6.093750000000000000e-01,3.650000000000000033e-03,3.374999999999999962e-03
5.078125000000000000e-01,6.093750000000000000e-01,3.275000000000000133e-03,4.525000000000000376e-03
5.312500000000000000e-01,6.328125000000000000e-01,3.775000000000000144e-03,6.100000000000000387e-03
5.781250000000000000e-01,6.718750000000000000e-01,5.649999999999999641e-03,1.099999999999999936e-02
5.078125000000000000e-01,6.093750000000000000e-01,1.250000000000000026e-04,4.375000000000000416e-03
5.546875000000000000e-01,5.703125000000000000e-01,7.499999999999999343e-05,1.107499999999999978e-02
2.578125000000000000e-01,6.250000000000000000e-01,7.499999999999999343e-05,4.499999999999999660e-03
3.515625000000000000e-01,6.640625000000000000e-01,2.500000000000000120e-05,4.975000000000000255e-03
5.312500000000000000e-01,5.937500000000000000e-01,4.349999999999999700e-03,3.000000000000000062e-03
5.078125000000000000e-01,5.468750000000000000e-01,3.174999999999999871e-03,2.724999999999999992e-03
5.312500000000000000e-01,5.390625000000000000e-01,2.650000000000000012e-03,1.049999999999999935e-03
4.375000000000000000e-01,4.375000000000000000e-01,3.350000000000000113e-03,3.024999999999999911e-03
4.609375000000000000e-01,5.625000000000000000e-01,1.250000000000000026e-04,3.075000000000000042e-03
4.765625000000000000e-01,5.625000000000000000e-01,3.225000000000000002e-03,2.749999999999999840e-03
4.453125000000000000e-01,5.000000000000000000e-01,2.750000000000000166e-04,2.850000000000000103e-03
4.609375000000000000e-01,5.625000000000000000e-01,2.650000000000000012e-03,3.150000000000000022e-03
4.375000000000000000e-01,4.921875000000000000e-01,2.000000000000000096e-04,2.799999999999999972e-03
4.765625000000000000e-01,5.937500000000000000e-01,2.949999999999999931e-03,2.350000000000000092e-03
4.453125000000000000e-01,5.781250000000000000e-01,1.000000000000000048e-04,2.324999999999999810e-03
4.843750000000000000e-01,6.328125000000000000e-01,3.174999999999999871e-03,1.775000000000000102e-03
4.609375000000000000e-01,5.781250000000000000e-01,4.000000000000000192e-04,3.075000000000000042e-03
4.843750000000000000e-01,5.234375000000000000e-01,2.925000000000000083e-03,1.399999999999999986e-03
5.078125000000000000e-01,5.234375000000000000e-01,0.000000000000000000e+00,2.449999999999999921e-03
4.609375000000000000e-01,5.625000000000000000e-01,3.099999999999999891e-03,2.374999999999999941e-03
4.843750000000000000e-01,5.000000000000000000e-01,2.750000000000000166e-04,3.550000000000000204e-03
5.078125000000000000e-01,5.234375000000000000e-01,2.500000000000000052e-03,6.250000000000000130e-04
6.093750000000000000e-01,6.718750000000000000e-01,6.024999999999999974e-03,8.725000000000000117e-03
5.781250000000000000e-01,4.843750000000000000e-01,5.249999999999999676e-04,1.099999999999999936e-02
5.390625000000000000e-01,3.828125000000000000e-01,3.249999999999999851e-04,3.225000000000000002e-03
3.515625000000000000e-01,4.296875000000000000e-01,5.000000000000000240e-05,5.349999999999999721e-03
4.453125000000000000e-01,4.218750000000000000e-01,0.000000000000000000e+00,4.700000000000000185e-03
5.546875000000000000e-01,3.671875000000000000e-01,4.199999999999999740e-03,2.775000000000000123e-03
5.390625000000000000e-01,3.906250000000000000e-01,3.799999999999999992e-03,2.799999999999999972e-03
5.546875000000000000e-01,3.515625000000000000e-01,3.700000000000000164e-03,6.199999999999999782e-03
5.937500000000000000e-01,5.156250000000000000e-01,6.300000000000000044e-03,2.227499999999999966e-02
5.781250000000000000e-01,4.765625000000000000e-01,2.750000000000000166e-04,3.899999999999999821e-03
2.578125000000000000e-01,3.593750000000000000e-01,3.750000000000000078e-04,4.499999999999999660e-03
3.515625000000000000e-01,3.046875000000000000e-01,1.749999999999999982e-04,5.400000000000000286e-03
5.390625000000000000e-01,1.093750000000000000e-01,8.000000000000000383e-04,2.075000000000000022e-03
5.546875000000000000e-01,3.828125000000000000e-01,2.850000000000000103e-03,3.650000000000000033e-03
5.390625000000000000e-01,4.453125000000000000e-01,3.824999999999999841e-03,1.124999999999999915e-03
5.546875000000000000e-01,4.921875000000000000e-01,2.674999999999999861e-03,2.949999999999999931e-03
5.234375000000000000e-01,3.281250000000000000e-01,3.275000000000000133e-03,2.024999999999999890e-03
5.703125000000000000e-01,4.609375000000000000e-01,2.500000000000000120e-05,6.100000000000000387e-03
5.390625000000000000e-01,3.750000000000000000e-01,2.625000000000000163e-03,1.449999999999999900e-03
6.093750000000000000e-01,6.015625000000000000e-01,2.949999999999999931e-03,3.350000000000000113e-03
5.156250000000000000e-01,3.906250000000000000e-01,3.750000000000000078e-04,1.575000000000000011e-03
5.781250000000000000e-01,5.156250000000000000e-01,2.000000000000000096e-04,1.775000000000000102e-03
5.234375000000000000e-01,4.296875000000000000e-01,2.650000000000000012e-03,6.799999999999999621e-03
6.328125000000000000e-01,5.468750000000000000e-01,5.799999999999999600e-03,1.569999999999999868e-02
4.843750000000000000e-01,3.281250000000000000e-01,2.750000000000000166e-04,4.725000000000000033e-03
4.453125000000000000e-01,2.656250000000000000e-01,1.499999999999999869e-04,2.182500000000000065e-02
6.093750000000000000e-01,3.906250000000000000e-01,2.999999999999999737e-04,6.825000000000000337e-03
5.546875000000000000e-01,3.203125000000000000e-01,1.499999999999999869e-04,8.099999999999999561e-03
4.921875000000000000e-01,3.906250000000000000e-01,3.924999999999999670e-03,1.899999999999999996e-03
4.843750000000000000e-01,4.453125000000000000e-01,3.125000000000000173e-03,1.549999999999999946e-03
4.921875000000000000e-01,3.828125000000000000e-01,3.399999999999999811e-03,8.000000000000000383e-04
4.921875000000000000e-01,3.828125000000000000e-01,2.799999999999999972e-03,3.225000000000000002e-03
6.171875000000000000e-01,5.312500000000000000e-01,9.250000000000000409e-04,1.750000000000000167e-02
5.937500000000000000e-01,3.828125000000000000e-01,2.999999999999999737e-04,6.125000000000000236e-03
5.546875000000000000e-01,3.593750000000000000e-01,1.250000000000000026e-04,7.849999999999999339e-03
5.000000000000000000e-01,3.671875000000000000e-01,2.925000000000000083e-03,2.174999999999999850e-03
4.921875000000000000e-01,3.750000000000000000e-01,2.599999999999999881e-03,2.150000000000000001e-03
5.000000000000000000e-01,3.984375000000000000e-01,2.874999999999999951e-03,7.500000000000000156e-04
3.515625000000000000e-01,4.062500000000000000e-01,3.824999999999999841e-03,6.599999999999999964e-03
5.781250000000000000e-01,4.375000000000000000e-01,3.075000000000000042e-03,2.224999999999999895e-02
5.546875000000000000e-01,3.593750000000000000e-01,3.249999999999999851e-04,8.024999999999999148e-03
5.390625000000000000e-01,3.515625000000000000e-01,1.000000000000000048e-04,9.124999999999999431e-03
4.531250000000000000e-01,2.578125000000000000e-01,7.500000000000000156e-04,4.000000000000000083e-03
4.609375000000000000e-01,3.984375000000000000e-01,5.074999999999999650e-03,3.275000000000000133e-03
4.531250000000000000e-01,3.671875000000000000e-01,3.775000000000000144e-03,2.249999999999999830e-03
4.609375000000000000e-01,4.062500000000000000e-01,2.824999999999999820e-03,2.249999999999999830e-03
4.531250000000000000e-01,4.062500000000000000e-01,2.674999999999999861e-03,1.549999999999999946e-03
4.609375000000000000e-01,4.140625000000000000e-01,2.975000000000000214e-03,2.350000000000000092e-03
5.937500000000000000e-01,5.312500000000000000e-01,3.000000000000000062e-03,9.350000000000000672e-03
4.687500000000000000e-01,3.359375000000000000e-01,2.500000000000000120e-05,1.275000000000000092e-03
5.390625000000000000e-01,3.593750000000000000e-01,3.499999999999999964e-04,9.499999999999999981e-04
5.234375000000000000e-01,4.218750000000000000e-01,7.499999999999999343e-05,1.899999999999999996e-03
4.765625000000000000e-01,4.843750000000000000e-01,2.799999999999999972e-03,1.175000000000000046e-03
3.906250000000000000e-01,3.828125000000000000e-01,4.049999999999999781e-03,1.399999999999999986e-03
6.093750000000000000e-01,4.765625000000000000e-01,1.499999999999999869e-04,6.250000000000000347e-03
4.843750000000000000e-01,3.125000000000000000e-01,2.500000000000000120e-05,1.500000000000000031e-03
5.781250000000000000e-01,4.296875000000000000e-01,2.000000000000000096e-04,5.174999999999999913e-03
5.156250000000000000e-01,4.218750000000000000e-01,1.499999999999999869e-04,4.174999999999999892e-03
4.843750000000000000e-01,2.890625000000000000e-01,1.149999999999999981e-03,1.600000000000000077e-03
5.000000000000000000e-01,5.000000000000000000e-01,2.874999999999999951e-03,2.399999999999999790e-03
4.843750000000000000e-01,4.375000000000000000e-01,3.000000000000000062e-03,2.975000000000000214e-03
5.000000000000000000e-01,4.531250000000000000e-01,3.050000000000000194e-03,3.500000000000000073e-03
6.093750000000000000e-01,5.781250000000000000e-01,3.524999999999999922e-03,5.100000000000000366e-03
4.843750000000000000e-01,4.062500000000000000e-01,1.749999999999999982e-04,1.009999999999999960e-02
5.781250000000000000e-01,4.609375000000000000e-01,2.750000000000000166e-04,3.749999999999999861e-03
5.390625000000000000e-01,4.062500000000000000e-01,1.499999999999999869e-04,1.899999999999999996e-03
5.156250000000000000e-01,4.296875000000000000e-01,2.500000000000000052e-04,3.399999999999999811e-03
5.234375000000000000e-01,4.843750000000000000e-01,4.000000000000000083e-03,2.850000000000000103e-03
5.156250000000000000e-01,4.765625000000000000e-01,3.474999999999999790e-03,3.249999999999999851e-03
5.390625000000000000e-01,4.296875000000000000e-01,4.049999999999999781e-03,1.275000000000000092e-03
6.484375000000000000e-01,4.921875000000000000e-01,6.749999999999999924e-03,5.525000000000000397e-03
4.296875000000000000e-01,4.296875000000000000e-01,2.000000000000000096e-04,2.145000000000000032e-02
5.781250000000000000e-01,3.671875000000000000e-01,2.750000000000000166e-04,1.165000000000000063e-02
4.843750000000000000e-01,2.890625000000000000e-01,1.000000000000000048e-04,1.132500000000000000e-02
5.546875000000000000e-01,3.203125000000000000e-01,7.499999999999999343e-05,1.099999999999999936e-02
6.171875000000000000e-01,3.281250000000000000e-01,1.499999999999999869e-04,1.110000000000000049e-02
6.562500000000000000e-01,5.625000000000000000e-01,4.425000000000000114e-03,3.749999999999999861e-03
6.484375000000000000e-01,5.703125000000000000e-01,3.275000000000000133e-03,3.399999999999999811e-03
6.562500000000000000e-01,6.171875000000000000e-01,3.024999999999999911e-03,3.225000000000000002e-03
6.484375000000000000e-01,5.703125000000000000e-01,2.899999999999999800e-03,4.049999999999999781e-03
5.625000000000000000e-01,5.234375000000000000e-01,4.749999999999999990e-04,9.324999999999999956e-03
6.093750000000000000e-01,5.078125000000000000e-01,1.250000000000000026e-04,9.150000000000000147e-03
4.921875000000000000e-01,3.906250000000000000e-01,2.249999999999999938e-04,6.275000000000000196e-03
5.390625000000000000e-01,3.203125000000000000e-01,1.000000000000000048e-04,6.649999999999999661e-03
6.562500000000000000e-01,5.859375000000000000e-01,2.524999999999999901e-03,3.050000000000000194e-03
6.328125000000000000e-01,6.250000000000000000e-01,3.000000000000000062e-03,3.174999999999999871e-03
6.484375000000000000e-01,5.859375000000000000e-01,3.225000000000000002e-03,3.425000000000000093e-03
4.296875000000000000e-01,3.750000000000000000e-01,3.150000000000000022e-03,1.944999999999999854e-02
5.234375000000000000e-01,3.906250000000000000e-01,7.499999999999999343e-05,2.035000000000000003e-02
5.000000000000000000e-01,3.906250000000000000e-01,2.000000000000000096e-04,1.379999999999999977e-02
6.171875000000000000e-01,5.937500000000000000e-01,2.249999999999999938e-04,3.350000000000000113e-03
5.937500000000000000e-01,5.312500000000000000e-01,1.000000000000000048e-04,8.600000000000000006e-03
5.546875000000000000e-01,5.390625000000000000e-01,1.000000000000000048e-04,8.949999999999999623e-03
6.328125000000000000e-01,6.015625000000000000e-01,2.850000000000000103e-03,2.775000000000000123e-03
6.171875000000000000e-01,6.171875000000000000e-01,2.899999999999999800e-03,3.024999999999999911e-03
6.328125000000000000e-01,6.171875000000000000e-01,2.899999999999999800e-03,3.200000000000000153e-03
6.171875000000000000e-01,4.609375000000000000e-01,3.474999999999999790e-03,5.499999999999999681e-03
5.390625000000000000e-01,4.375000000000000000e-01,1.499999999999999869e-04,1.004999999999999991e-02
5.625000000000000000e-01,5.468750000000000000e-01,5.000000000000000240e-05,3.000000000000000062e-03
4.921875000000000000e-01,4.687500000000000000e-01,2.750000000000000166e-04,5.250000000000000326e-03
6.328125000000000000e-01,5.390625000000000000e-01,3.275000000000000133e-03,3.024999999999999911e-03
6.015625000000000000e-01,5.390625000000000000e-01,3.425000000000000093e-03,3.225000000000000002e-03
6.093750000000000000e-01,5.312500000000000000e-01,3.500000000000000073e-03,3.899999999999999821e-03
5.859375000000000000e-01,4.687500000000000000e-01,4.300000000000000003e-03,4.899999999999999842e-03
5.234375000000000000e-01,3.828125000000000000e-01,1.250000000000000026e-04,1.524999999999999967e-02
5.000000000000000000e-01,2.187500000000000000e-01,1.499999999999999869e-04,1.297500000000000042e-02
5.546875000000000000e-01,3.828125000000000000e-01,1.000000000000000048e-04,1.517499999999999925e-02
4.296875000000000000e-01,3.046875000000000000e-01,1.250000000000000026e-04,1.849999999999999908e-02
4.609375000000000000e-01,1.406250000000000000e-01,5.500000000000000331e-04,1.227499999999999945e-02
5.937500000000000000e-01,4.218750000000000000e-01,3.225000000000000002e-03,3.075000000000000042e-03
5.859375000000000000e-01,5.390625000000000000e-01,3.575000000000000053e-03,2.749999999999999840e-03
5.937500000000000000e-01,4.921875000000000000e-01,2.575000000000000032e-03,2.425000000000000072e-03
5.859375000000000000e-01,5.312500000000000000e-01,2.899999999999999800e-03,2.550000000000000183e-03
5.937500000000000000e-01,4.765625000000000000e-01,3.050000000000000194e-03,1.449999999999999900e-03
4.921875000000000000e-01,3.750000000000000000e-01,2.249999999999999830e-03,1.224999999999999960e-03
5.156250000000000000e-01,5.156250000000000000e-01,6.750000000000000357e-04,2.899999999999999800e-03
5.546875000000000000e-01,3.593750000000000000e-01,2.249999999999999938e-04,3.275000000000000133e-03
4.453125000000000000e-01,3.750000000000000000e-01,1.000000000000000048e-04,1.124999999999999915e-03
5.625000000000000000e-01,3.984375000000000000e-01,3.474999999999999790e-03,3.924999999999999670e-03
5.468750000000000000e-01,4.296875000000000000e-01,4.550000000000000225e-03,3.850000000000000124e-03
5.000000000000000000e-01,3.906250000000000000e-01,5.000000000000000240e-05,8.725000000000000117e-03
3.359375000000000000e-01,3.671875000000000000e-01,2.500000000000000120e-05,1.292500000000000072e-02
4.609375000000000000e-01,3.046875000000000000e-01,0.000000000000000000e+00,6.400000000000000307e-03
5.546875000000000000e-01,4.140625000000000000e-01,3.725000000000000012e-03,2.799999999999999972e-03
5.468750000000000000e-01,4.687500000000000000e-01,3.050000000000000194e-03,2.650000000000000012e-03
5.546875000000000000e-01,4.843750000000000000e-01,2.674999999999999861e-03,3.249999999999999851e-03
5.078125000000000000e-01,6.484375000000000000e-01,3.500000000000000073e-03,1.124999999999999958e-02
3.437500000000000000e-01,4.218750000000000000e-01,5.749999999999999903e-04,7.624999999999999833e-03
4.843750000000000000e-01,4.140625000000000000e-01,2.000000000000000096e-04,1.299999999999999940e-03
3.906250000000000000e-01,2.812500000000000000e-01,2.000000000000000096e-04,1.502500000000000016e-02
5.468750000000000000e-01,1.171875000000000000e-01,1.299999999999999940e-03,2.975000000000000214e-03
5.546875000000000000e-01,3.984375000000000000e-01,2.700000000000000143e-03,2.824999999999999820e-03
5.468750000000000000e-01,4.843750000000000000e-01,3.125000000000000173e-03,3.449999999999999942e-03
5.546875000000000000e-01,4.765625000000000000e-01,3.174999999999999871e-03,3.324999999999999831e-03
5.000000000000000000e-01,5.390625000000000000e-01,3.399999999999999811e-03,8.149999999999999259e-03
5.390625000000000000e-01,5.156250000000000000e-01,1.749999999999999982e-04,3.975000000000000235e-03
4.843750000000000000e-01,5.234375000000000000e-01,2.249999999999999938e-04,8.149999999999999259e-03
4.453125000000000000e-01,5.078125000000000000e-01,1.250000000000000026e-04,1.129999999999999928e-02
3.515625000000000000e-01,4.218750000000000000e-01,1.499999999999999869e-04,1.992499999999999827e-02
5.546875000000000000e-01,4.843750000000000000e-01,3.099999999999999891e-03,2.799999999999999972e-03
5.390625000000000000e-01,5.156250000000000000e-01,3.050000000000000194e-03,3.099999999999999891e-03
5.546875000000000000e-01,5.234375000000000000e-01,3.024999999999999911e-03,2.399999999999999790e-03
4.296875000000000000e-01,4.296875000000000000e-01,2.299999999999999961e-03,6.499999999999999702e-03
5.390625000000000000e-01,5.000000000000000000e-01,5.500000000000000331e-04,3.299999999999999982e-03
4.765625000000000000e-01,5.000000000000000000e-01,2.000000000000000096e-04,2.000000000000000042e-03
5.546875000000000000e-01,4.843750000000000000e-01,2.550000000000000183e-03,1.525000000000000097e-03
4.843750000000000000e-01,6.093750000000000000e-01,2.650000000000000012e-03,2.874999999999999951e-03
5.156250000000000000e-01,6.250000000000000000e-01,2.500000000000000120e-05,4.575000000000000074e-03
5.390625000000000000e-01,5.937500000000000000e-01,1.749999999999999982e-04,4.449999999999999963e-03
4.218750000000000000e-01,4.531250000000000000e-01,2.500000000000000120e-05,7.900000000000000772e-03
5.781250000000000000e-01,6.328125000000000000e-01,3.524999999999999922e-03,1.350000000000000071e-03
5.546875000000000000e-01,6.171875000000000000e-01,3.975000000000000235e-03,5.349999999999999721e-03
5.390625000000000000e-01,5.156250000000000000e-01,2.500000000000000052e-04,1.122500000000000060e-02
5.156250000000000000e-01,5.546875000000000000e-01,5.000000000000000240e-05,1.057499999999999933e-02
3.984375000000000000e-01,3.984375000000000000e-01,2.999999999999999737e-04,1.389999999999999916e-02
3.515625000000000000e-01,3.593750000000000000e-01,2.500000000000000120e-05,2.164999999999999911e-02
5.625000000000000000e-01,5.937500000000000000e-01,4.375000000000000416e-03,2.075000000000000022e-03
5.546875000000000000e-01,4.296875000000000000e-01,3.599999999999999901e-03,3.924999999999999670e-03
5.625000000000000000e-01,4.531250000000000000e-01,3.324999999999999831e-03,2.575000000000000032e-03
5.234375000000000000e-01,5.078125000000000000e-01,2.874999999999999951e-03,1.055000000000000035e-02
5.000000000000000000e-01,4.687500000000000000e-01,1.749999999999999982e-04,9.950000000000000511e-03
5.468750000000000000e-01,4.843750000000000000e-01,2.750000000000000166e-04,3.924999999999999670e-03
4.062500000000000000e-01,3.828125000000000000e-01,3.499999999999999964e-04,6.924999999999999732e-03
5.546875000000000000e-01,4.765625000000000000e-01,3.399999999999999811e-03,2.749999999999999840e-03
5.468750000000000000e-01,4.531250000000000000e-01,3.625000000000000184e-03,3.050000000000000194e-03
5.546875000000000000e-01,4.140625000000000000e-01,3.225000000000000002e-03,4.675000000000000336e-03
4.843750000000000000e-01,4.921875000000000000e-01,4.525000000000000376e-03,8.800000000000000530e-03
4.218750000000000000e-01,2.968750000000000000e-01,2.750000000000000166e-04,1.379999999999999977e-02
4.609375000000000000e-01,4.062500000000000000e-01,5.000000000000000240e-05,8.425000000000000197e-03
5.390625000000000000e-01,4.375000000000000000e-01,0.000000000000000000e+00,4.199999999999999740e-03
3.515625000000000000e-01,3.750000000000000000e-01,1.250000000000000026e-04,2.682500000000000162e-02
4.453125000000000000e-01,3.515625000000000000e-01,2.500000000000000052e-04,1.212500000000000036e-02
5.546875000000000000e-01,5.000000000000000000e-01,4.174999999999999892e-03,3.200000000000000153e-03
5.390625000000000000e-01,4.687500000000000000e-01,3.075000000000000042e-03,4.275000000000000154e-03
5.546875000000000000e-01,5.156250000000000000e-01,4.349999999999999700e-03,2.024999999999999890e-03
5.390625000000000000e-01,4.531250000000000000e-01,2.850000000000000103e-03,2.874999999999999951e-03
5.546875000000000000e-01,4.453125000000000000e-01,2.925000000000000083e-03,7.249999999999999500e-04
5.156250000000000000e-01,5.078125000000000000e-01,2.824999999999999820e-03,4.224999999999999589e-03
4.296875000000000000e-01,4.140625000000000000e-01,2.500000000000000052e-04,2.575000000000000032e-03
4.765625000000000000e-01,4.921875000000000000e-01,1.499999999999999869e-04,2.700000000000000143e-03
4.062500000000000000e-01,3.515625000000000000e-01,2.249999999999999938e-04,5.550000000000000246e-03
5.000000000000000000e-01,3.203125000000000000e-01,0.000000000000000000e+00,2.350000000000000092e-03
5.234375000000000000e-01,5.156250000000000000e-01,2.449999999999999921e-03,3.299999999999999982e-03
4.218750000000000000e-01,5.234375000000000000e-01,3.449999999999999942e-03,5.049999999999999802e-03
5.156250000000000000e-01,4.453125000000000000e-01,0.000000000000000000e+00,1.325000000000000006e-03
3.906250000000000000e-01,4.609375000000000000e-01,1.000000000000000048e-04,5.850000000000000165e-03
5.390625000000000000e-01,5.156250000000000000e-01,5.000000000000000240e-05,3.449999999999999942e-03
4.453125000000000000e-01,3.671875000000000000e-01,7.499999999999999343e-05,8.750000000000000182e-04
5.546875000000000000e-01,5.625000000000000000e-01,3.674999999999999881e-03,2.425000000000000072e-03
5.390625000000000000e-01,5.234375000000000000e-01,2.374999999999999941e-03,2.824999999999999820e-03
5.546875000000000000e-01,5.468750000000000000e-01,2.899999999999999800e-03,2.824999999999999820e-03
5.156250000000000000e-01,5.234375000000000000e-01,3.449999999999999942e-03,4.550000000000000225e-03
4.843750000000000000e-01,5.546875000000000000e-01,7.499999999999999343e-05,1.117499999999999917e-02
5.390625000000000000e-01,5.156250000000000000e-01,0.000000000000000000e+00,4.700000000000000185e-03
3.906250000000000000e-01,5.703125000000000000e-01,4.000000000000000192e-04,4.250000000000000305e-03
2.968750000000000000e-01,5.390625000000000000e-01,2.000000000000000096e-04,1.362499999999999996e-02
5.546875000000000000e-01,5.546875000000000000e-01,3.550000000000000204e-03,3.249999999999999851e-03
5.390625000000000000e-01,5.937500000000000000e-01,3.150000000000000022e-03,3.850000000000000124e-03
5.546875000000000000e-01,5.781250000000000000e-01,3.075000000000000042e-03,1.699999999999999905e-03
5.781250000000000000e-01,6.718750000000000000e-01,3.850000000000000124e-03,6.374999999999999591e-03
2.421875000000000000e-01,5.859375000000000000e-01,5.000000000000000240e-05,4.125000000000000194e-03
3.359375000000000000e-01,5.703125000000000000e-01,1.000000000000000048e-04,6.250000000000000347e-03
5.546875000000000000e-01,5.156250000000000000e-01,2.750000000000000166e-04,1.925000000000000062e-03
4.843750000000000000e-01,4.687500000000000000e-01,2.500000000000000052e-04,1.724999999999999971e-03
5.625000000000000000e-01,5.468750000000000000e-01,4.550000000000000225e-03,2.874999999999999951e-03
5.546875000000000000e-01,5.312500000000000000e-01,3.200000000000000153e-03,2.674999999999999861e-03
5.625000000000000000e-01,5.312500000000000000e-01,3.000000000000000062e-03,4.499999999999999660e-03
5.546875000000000000e-01,6.015625000000000000e-01,3.425000000000000093e-03,7.374999999999999611e-03
5.234375000000000000e-01,4.140625000000000000e-01,5.999999999999999474e-04,3.775000000000000144e-03
5.781250000000000000e-01,5.390625000000000000e-01,3.750000000000000078e-04,3.024999999999999911e-03
5.937500000000000000e-01,4.921875000000000000e-01,3.174999999999999871e-03,2.550000000000000183e-03
5.781250000000000000e-01,5.703125000000000000e-01,2.749999999999999840e-03,2.975000000000000214e-03
5.937500000000000000e-01,5.468750000000000000e-01,2.674999999999999861e-03,2.700000000000000143e-03
5.234375000000000000e-01,5.859375000000000000e-01,2.674999999999999861e-03,9.225000000000000561e-03
4.921875000000000000e-01,4.453125000000000000e-01,4.499999999999999877e-04,1.367499999999999966e-02
5.859375000000000000e-01,5.859375000000000000e-01,1.000000000000000048e-04,2.949999999999999931e-03
4.609375000000000000e-01,4.921875000000000000e-01,5.000000000000000240e-05,7.324999999999999914e-03
5.937500000000000000e-01,5.312500000000000000e-01,2.749999999999999840e-03,3.150000000000000022e-03
5.859375000000000000e-01,6.484375000000000000e-01,3.099999999999999891e-03,4.649999999999999620e-03
5.937500000000000000e-01,6.171875000000000000e-01,2.850000000000000103e-03,4.774999999999999731e-03
6.093750000000000000e-01,6.328125000000000000e-01,3.500000000000000073e-03,4.324999999999999852e-03
5.000000000000000000e-01,5.078125000000000000e-01,2.750000000000000166e-04,4.774999999999999731e-03
4.296875000000000000e-01,4.687500000000000000e-01,5.000000000000000240e-05,7.250000000000000368e-03
4.609375000000000000e-01,5.000000000000000000e-01,1.749999999999999982e-04,4.425000000000000114e-03
6.171875000000000000e-01,6.171875000000000000e-01,2.824999999999999820e-03,3.824999999999999841e-03
6.093750000000000000e-01,7.109375000000000000e-01,3.350000000000000113e-03,4.525000000000000376e-03
6.171875000000000000e-01,7.031250000000000000e-01,3.150000000000000022e-03,5.649999999999999641e-03
5.859375000000000000e-01,6.328125000000000000e-01,5.125000000000000215e-03,7.875000000000000056e-03
5.703125000000000000e-01,5.859375000000000000e-01,2.500000000000000120e-05,1.482499999999999964e-02
5.234375000000000000e-01,5.156250000000000000e-01,1.000000000000000048e-04,1.762499999999999831e-02
3.515625000000000000e-01,4.375000000000000000e-01,6.499999999999999702e-04,4.137500000000000205e-02
2.578125000000000000e-01,4.375000000000000000e-01,7.499999999999999343e-05,4.112500000000000183e-02
5.937500000000000000e-01,4.921875000000000000e-01,6.525000000000000418e-03,3.575000000000000053e-03
5.859375000000000000e-01,5.156250000000000000e-01,3.775000000000000144e-03,3.324999999999999831e-03
5.937500000000000000e-01,5.000000000000000000e-01,3.399999999999999811e-03,4.074999999999999629e-03
5.312500000000000000e-01,4.921875000000000000e-01,3.474999999999999790e-03,3.374999999999999962e-03
5.390625000000000000e-01,5.078125000000000000e-01,3.150000000000000022e-03,3.249999999999999851e-03
5.312500000000000000e-01,5.546875000000000000e-01,3.150000000000000022e-03,3.399999999999999811e-03
5.390625000000000000e-01,5.859375000000000000e-01,3.150000000000000022e-03,4.049999999999999781e-03
5.468750000000000000e-01,6.406250000000000000e-01,3.275000000000000133e-03,4.074999999999999629e-03
5.546875000000000000e-01,6.328125000000000000e-01,3.474999999999999790e-03,3.275000000000000133e-03
5.468750000000000000e-01,6.406250000000000000e-01,3.174999999999999871e-03,4.100000000000000346e-03
5.546875000000000000e-01,6.328125000000000000e-01,3.474999999999999790e-03,3.374999999999999962e-03
5.625000000000000000e-01,6.406250000000000000e-01,3.899999999999999821e-03,4.499999999999999660e-03
2.578125000000000000e-01,5.000000000000000000e-01,1.749999999999999982e-04,1.609999999999999973e-02
3.515625000000000000e-01,5.156250000000000000e-01,0.000000000000000000e+00,8.099999999999999561e-03
5.234375000000000000e-01,5.703125000000000000e-01,5.000000000000000240e-05,9.825000000000000400e-03
5.000000000000000000e-01,5.546875000000000000e-01,2.500000000000000120e-05,1.147500000000000082e-02
5.703125000000000000e-01,6.484375000000000000e-01,4.024999999999999932e-03,3.650000000000000033e-03
5.625000000000000000e-01,6.484375000000000000e-01,3.299999999999999982e-03,4.174999999999999892e-03
5.703125000000000000e-01,6.640625000000000000e-01,3.500000000000000073e-03,1.549999999999999946e-03
5.703125000000000000e-01,5.625000000000000000e-01,4.725000000000000033e-03,5.624999999999999792e-03
2.656250000000000000e-01,5.781250000000000000e-01,1.000000000000000048e-04,7.924999999999999753e-03
4.843750000000000000e-01,5.937500000000000000e-01,0.000000000000000000e+00,1.014999999999999930e-02
5.078125000000000000e-01,5.156250000000000000e-01,5.000000000000000240e-05,1.175000000000000003e-02
3.593750000000000000e-01,6.015625000000000000e-01,7.499999999999999343e-05,7.224999999999999652e-03
5.156250000000000000e-01,2.890625000000000000e-01,6.999999999999999929e-04,9.250000000000000409e-04
5.781250000000000000e-01,6.875000000000000000e-01,3.975000000000000235e-03,3.275000000000000133e-03
5.703125000000000000e-01,6.484375000000000000e-01,3.150000000000000022e-03,3.725000000000000012e-03
5.781250000000000000e-01,6.328125000000000000e-01,3.075000000000000042e-03,8.249999999999999955e-04
5.000000000000000000e-01,6.250000000000000000e-01,4.349999999999999700e-03,3.550000000000000204e-03
4.140625000000000000e-01,6.093750000000000000e-01,5.000000000000000240e-05,7.174999999999999954e-03
2.656250000000000000e-01,6.093750000000000000e-01,7.499999999999999343e-05,2.684999999999999887e-02
3.593750000000000000e-01,5.937500000000000000e-01,0.000000000000000000e+00,2.104999999999999927e-02
4.843750000000000000e-01,4.687500000000000000e-01,1.250000000000000026e-04,9.350000000000000672e-03
4.687500000000000000e-01,2.656250000000000000e-01,8.499999999999999526e-04,9.250000000000000409e-04
5.078125000000000000e-01,5.625000000000000000e-01,2.674999999999999861e-03,3.000000000000000062e-03
5.000000000000000000e-01,6.015625000000000000e-01,2.975000000000000214e-03,3.749999999999999861e-03
5.078125000000000000e-01,6.328125000000000000e-01,3.075000000000000042e-03,3.975000000000000235e-03
4.843750000000000000e-01,6.640625000000000000e-01,3.150000000000000022e-03,1.044999999999999922e-02
5.156250000000000000e-01,7.265625000000000000e-01,1.000000000000000048e-04,4.550000000000000225e-03
5.234375000000000000e-01,6.562500000000000000e-01,3.674999999999999881e-03,3.324999999999999831e-03
5.156250000000000000e-01,6.562500000000000000e-01,3.024999999999999911e-03,3.524999999999999922e-03
5.234375000000000000e-01,6.328125000000000000e-01,2.925000000000000083e-03,4.525000000000000376e-03
5.312500000000000000e-01,6.562500000000000000e-01,3.874999999999999972e-03,4.300000000000000003e-03
4.687500000000000000e-01,6.015625000000000000e-01,1.250000000000000026e-04,6.024999999999999974e-03
5.078125000000000000e-01,5.000000000000000000e-01,7.499999999999999343e-05,3.575000000000000053e-03
4.921875000000000000e-01,5.625000000000000000e-01,1.000000000000000048e-04,3.324999999999999831e-03
3.203125000000000000e-01,6.250000000000000000e-01,1.000000000000000048e-04,7.275000000000000216e-03
2.265625000000000000e-01,6.250000000000000000e-01,2.500000000000000120e-05,6.474999999999999853e-03
5.390625000000000000e-01,6.640625000000000000e-01,3.425000000000000093e-03,3.474999999999999790e-03
5.468750000000000000e-01,6.640625000000000000e-01,2.824999999999999820e-03,3.024999999999999911e-03
5.625000000000000000e-01,6.718750000000000000e-01,3.299999999999999982e-03,3.799999999999999992e-03
4.843750000000000000e-01,5.937500000000000000e-01,3.674999999999999881e-03,8.800000000000000530e-03
5.703125000000000000e-01,6.015625000000000000e-01,5.000000000000000240e-05,4.525000000000000376e-03
5.078125000000000000e-01,5.937500000000000000e-01,7.499999999999999343e-05,9.624999999999999875e-03
2.656250000000000000e-01,5.781250000000000000e-01,7.499999999999999343e-05,1.087499999999999925e-02
3.593750000000000000e-01,6.250000000000000000e-01,5.000000000000000240e-05,1.082499999999999955e-02
5.156250000000000000e-01,2.500000000000000000e-01,4.249999999999999763e-04,3.299999999999999982e-03
5.781250000000000000e-01,6.484375000000000000e-01,3.099999999999999891e-03,2.975000000000000214e-03
5.703125000000000000e-01,5.390625000000000000e-01,3.150000000000000022e-03,2.674999999999999861e-03
5.781250000000000000e-01,4.140625000000000000e-01,2.650000000000000012e-03,5.999999999999999474e-04
5.000000000000000000e-01,6.484375000000000000e-01,3.399999999999999811e-03,4.125000000000000194e-03
4.843750000000000000e-01,6.015625000000000000e-01,7.499999999999999343e-05,1.012500000000000032e-02
4.140625000000000000e-01,5.937500000000000000e-01,1.499999999999999869e-04,7.374999999999999611e-03
3.593750000000000000e-01,6.562500000000000000e-01,1.749999999999999982e-04,2.500000000000000139e-02
2.656250000000000000e-01,5.703125000000000000e-01,2.750000000000000166e-04,2.460000000000000034e-02
5.078125000000000000e-01,6.015625000000000000e-01,3.524999999999999922e-03,3.350000000000000113e-03
5.000000000000000000e-01,6.171875000000000000e-01,2.799999999999999972e-03,3.775000000000000144e-03
5.078125000000000000e-01,6.250000000000000000e-01,3.225000000000000002e-03,4.425000000000000114e-03
4.843750000000000000e-01,5.078125000000000000e-01,3.275000000000000133e-03,8.999999999999999320e-03
5.156250000000000000e-01,6.328125000000000000e-01,4.749999999999999990e-04,3.899999999999999821e-03
5.234375000000000000e-01,6.250000000000000000e-01,3.249999999999999851e-03,2.925000000000000083e-03
5.156250000000000000e-01,5.859375000000000000e-01,2.674999999999999861e-03,3.500000000000000073e-03
5.234375000000000000e-01,6.171875000000000000e-01,3.024999999999999911e-03,3.524999999999999922e-03
5.078125000000000000e-01,4.609375000000000000e-01,3.700000000000000164e-03,5.150000000000000064e-03
5.312500000000000000e-01,5.859375000000000000e-01,1.749999999999999982e-04,5.575000000000000094e-03
4.921875000000000000e-01,5.390625000000000000e-01,2.500000000000000120e-05,4.950000000000000407e-03
4.687500000000000000e-01,4.687500000000000000e-01,2.750000000000000166e-04,4.000000000000000083e-03
3.593750000000000000e-01,6.640625000000000000e-01,2.500000000000000120e-05,7.125000000000000257e-03
2.656250000000000000e-01,6.015625000000000000e-01,2.000000000000000096e-04,7.049999999999999843e-03
3.515625000000000000e-01,6.718750000000000000e-01,9.499999999999999764e-03,2.075000000000000022e-03
2.578125000000000000e-01,6.250000000000000000e-01,7.499999999999999343e-05,1.124999999999999915e-03
6.328125000000000000e-01,6.562500000000000000e-01,6.125000000000000236e-03,6.749999999999999924e-03
5.234375000000000000e-01,4.609375000000000000e-01,1.000000000000000021e-03,1.055000000000000035e-02
4.843750000000000000e-01,3.281250000000000000e-01,2.000000000000000096e-04,1.510000000000000057e-02
5.000000000000000000e-01,3.515625000000000000e-01,2.249999999999999938e-04,1.414999999999999938e-02
4.453125000000000000e-01,4.375000000000000000e-01,2.500000000000000120e-05,1.487499999999999933e-02
5.937500000000000000e-01,4.531250000000000000e-01,2.550000000000000183e-03,4.275000000000000154e-03
5.781250000000000000e-01,5.859375000000000000e-01,2.700000000000000143e-03,1.949999999999999910e-03
5.390625000000000000e-01,5.156250000000000000e-01,3.050000000000000194e-03,3.700000000000000164e-03
5.937500000000000000e-01,6.406250000000000000e-01,2.874999999999999951e-03,8.149999999999999259e-03
5.781250000000000000e-01,5.859375000000000000e-01,3.550000000000000204e-03,4.825000000000000296e-03
5.390625000000000000e-01,6.093750000000000000e-01,2.850000000000000103e-03,2.575000000000000032e-03
5.000000000000000000e-01,5.390625000000000000e-01,2.949999999999999931e-03,1.000000000000000021e-03
4.843750000000000000e-01,3.671875000000000000e-01,4.499999999999999877e-04,8.000000000000000383e-04
6.484375000000000000e-01,5.781250000000000000e-01,4.024999999999999932e-03,5.774999999999999752e-03
4.843750000000000000e-01,2.734375000000000000e-01,5.249999999999999676e-04,1.432499999999999919e-02
5.234375000000000000e-01,4.687500000000000000e-01,7.499999999999999343e-05,1.220000000000000077e-02
4.453125000000000000e-01,4.531250000000000000e-01,1.499999999999999869e-04,1.439999999999999961e-02
5.000000000000000000e-01,3.203125000000000000e-01,4.499999999999999877e-04,1.324999999999999963e-02
5.937500000000000000e-01,4.062500000000000000e-01,2.650000000000000012e-03,4.150000000000000043e-03
5.781250000000000000e-01,5.625000000000000000e-01,2.850000000000000103e-03,1.699999999999999905e-03
5.390625000000000000e-01,4.687500000000000000e-01,3.000000000000000062e-03,3.000000000000000062e-03
5.937500000000000000e-01,5.078125000000000000e-01,4.024999999999999932e-03,8.649999999999999703e-03
4.765625000000000000e-01,4.375000000000000000e-01,5.000000000000000240e-05,1.474999999999999966e-03
5.703125000000000000e-01,5.078125000000000000e-01,3.075000000000000042e-03,5.525000000000000397e-03
5.234375000000000000e-01,5.390625000000000000e-01,2.599999999999999881e-03,2.249999999999999830e-03
5.000000000000000000e-01,5.312500000000000000e-01,2.524999999999999901e-03,1.825000000000000016e-03
3.515625000000000000e-01,5.234375000000000000e-01,8.499999999999999526e-04,1.299999999999999940e-03
6.328125000000000000e-01,5.234375000000000000e-01,6.074999999999999671e-03,7.049999999999999843e-03
4.843750000000000000e-01,3.281250000000000000e-01,7.500000000000000156e-04,1.367499999999999966e-02
5.234375000000000000e-01,3.281250000000000000e-01,0.000000000000000000e+00,9.549999999999999462e-03
4.453125000000000000e-01,3.515625000000000000e-01,7.499999999999999343e-05,1.409999999999999969e-02
6.171875000000000000e-01,4.375000000000000000e-01,3.024999999999999911e-03,3.874999999999999972e-03
5.781250000000000000e-01,5.078125000000000000e-01,3.125000000000000173e-03,1.525000000000000097e-03
5.390625000000000000e-01,4.062500000000000000e-01,2.700000000000000143e-03,2.374999999999999941e-03
5.781250000000000000e-01,4.765625000000000000e-01,3.374999999999999962e-03,7.950000000000000469e-03
5.390625000000000000e-01,3.750000000000000000e-01,3.225000000000000002e-03,6.675000000000000377e-03
5.234375000000000000e-01,3.984375000000000000e-01,2.949999999999999931e-03,3.524999999999999922e-03
4.843750000000000000e-01,4.375000000000000000e-01,2.550000000000000183e-03,6.750000000000000357e-04
6.484375000000000000e-01,4.531250000000000000e-01,5.125000000000000215e-03,6.825000000000000337e-03
5.156250000000000000e-01,3.046875000000000000e-01,2.249999999999999938e-04,1.575000000000000011e-02
4.843750000000000000e-01,2.578125000000000000e-01,1.749999999999999982e-04,8.649999999999999703e-03
4.453125000000000000e-01,3.203125000000000000e-01,1.000000000000000048e-04,8.800000000000000530e-03
6.093750000000000000e-01,3.828125000000000000e-01,3.850000000000000124e-03,4.700000000000000185e-03
5.781250000000000000e-01,3.515625000000000000e-01,3.075000000000000042e-03,3.174999999999999871e-03
5.390625000000000000e-01,3.984375000000000000e-01,3.324999999999999831e-03,3.200000000000000153e-03
6.093750000000000000e-01,4.062500000000000000e-01,3.174999999999999871e-03,6.224999999999999631e-03
4.453125000000000000e-01,3.281250000000000000e-01,4.499999999999999877e-04,5.899999999999999863e-03
4.843750000000000000e-01,3.437500000000000000e-01,4.499999999999999877e-04,4.975000000000000255e-03
5.781250000000000000e-01,4.531250000000000000e-01,3.275000000000000133e-03,2.449999999999999921e-03
5.390625000000000000e-01,3.750000000000000000e-01,3.700000000000000164e-03,3.174999999999999871e-03
5.156250000000000000e-01,3.906250000000000000e-01,3.374999999999999962e-03,7.749999999999999728e-04
6.484375000000000000e-01,4.609375000000000000e-01,6.850000000000000186e-03,4.400000000000000265e-03
3.515625000000000000e-01,3.046875000000000000e-01,4.249999999999999763e-04,6.275000000000000196e-03
2.578125000000000000e-01,3.125000000000000000e-01,1.000000000000000048e-04,4.624999999999999771e-03
5.937500000000000000e-01,3.281250000000000000e-01,2.999999999999999737e-04,9.950000000000000511e-03
6.171875000000000000e-01,2.812500000000000000e-01,1.000000000000000048e-04,1.044999999999999922e-02
6.562500000000000000e-01,4.375000000000000000e-01,3.749999999999999861e-03,3.050000000000000194e-03
6.484375000000000000e-01,4.296875000000000000e-01,3.425000000000000093e-03,2.899999999999999800e-03
6.562500000000000000e-01,5.156250000000000000e-01,3.024999999999999911e-03,1.925000000000000062e-03
5.156250000000000000e-01,3.046875000000000000e-01,3.449999999999999942e-03,8.174999999999999975e-03
5.625000000000000000e-01,4.687500000000000000e-01,2.000000000000000096e-04,9.025000000000000036e-03
6.328125000000000000e-01,4.062500000000000000e-01,1.250000000000000026e-04,3.924999999999999670e-03
4.921875000000000000e-01,2.812500000000000000e-01,2.000000000000000096e-04,7.000000000000000146e-03
4.453125000000000000e-01,1.171875000000000000e-01,1.499999999999999869e-04,1.820000000000000090e-02
6.484375000000000000e-01,4.531250000000000000e-01,2.674999999999999861e-03,2.599999999999999881e-03
6.093750000000000000e-01,4.921875000000000000e-01,2.925000000000000083e-03,3.449999999999999942e-03
6.328125000000000000e-01,5.468750000000000000e-01,3.275000000000000133e-03,2.775000000000000123e-03
5.234375000000000000e-01,3.515625000000000000e-01,3.075000000000000042e-03,6.024999999999999974e-03
5.546875000000000000e-01,4.531250000000000000e-01,2.750000000000000166e-04,9.350000000000000672e-03
6.171875000000000000e-01,4.843750000000000000e-01,2.500000000000000120e-05,3.050000000000000194e-03
5.000000000000000000e-01,3.437500000000000000e-01,3.249999999999999851e-04,6.125000000000000236e-03
6.328125000000000000e-01,5.468750000000000000e-01,2.575000000000000032e-03,3.000000000000000062e-03
6.171875000000000000e-01,5.546875000000000000e-01,3.000000000000000062e-03,3.350000000000000113e-03
6.328125000000000000e-01,5.234375000000000000e-01,3.174999999999999871e-03,3.200000000000000153e-03
6.093750000000000000e-01,5.156250000000000000e-01,3.075000000000000042e-03,4.150000000000000043e-03
5.156250000000000000e-01,2.968750000000000000e-01,2.500000000000000052e-04,7.924999999999999753e-03
5.546875000000000000e-01,3.984375000000000000e-01,1.000000000000000048e-04,9.575000000000000178e-03
4.453125000000000000e-01,3.359375000000000000e-01,2.500000000000000120e-05,6.975000000000000297e-03
4.921875000000000000e-01,3.671875000000000000e-01,1.250000000000000026e-04,6.624999999999999813e-03
6.171875000000000000e-01,5.312500000000000000e-01,2.874999999999999951e-03,3.225000000000000002e-03
5.859375000000000000e-01,5.468750000000000000e-01,3.174999999999999871e-03,2.874999999999999951e-03
6.093750000000000000e-01,5.390625000000000000e-01,2.700000000000000143e-03,5.125000000000000215e-03
6.171875000000000000e-01,5.390625000000000000e-01,4.275000000000000154e-03,3.524999999999999922e-03
4.453125000000000000e-01,3.593750000000000000e-01,4.249999999999999763e-04,2.012500000000000053e-02
5.234375000000000000e-01,3.281250000000000000e-01,1.250000000000000026e-04,2.102499999999999855e-02
5.000000000000000000e-01,3.046875000000000000e-01,1.000000000000000048e-04,1.242500000000000028e-02
5.546875000000000000e-01,2.812500000000000000e-01,7.499999999999999343e-05,8.649999999999999703e-03
6.328125000000000000e-01,4.921875000000000000e-01,2.975000000000000214e-03,3.024999999999999911e-03
6.171875000000000000e-01,5.000000000000000000e-01,2.975000000000000214e-03,3.024999999999999911e-03
6.328125000000000000e-01,5.781250000000000000e-01,3.099999999999999891e-03,3.075000000000000042e-03
6.093750000000000000e-01,5.156250000000000000e-01,3.449999999999999942e-03,4.599999999999999922e-03
4.921875000000000000e-01,3.125000000000000000e-01,4.000000000000000192e-04,8.474999999999999895e-03
5.390625000000000000e-01,3.906250000000000000e-01,0.000000000000000000e+00,9.549999999999999462e-03
6.171875000000000000e-01,4.843750000000000000e-01,3.474999999999999790e-03,2.799999999999999972e-03
5.859375000000000000e-01,4.843750000000000000e-01,3.000000000000000062e-03,3.850000000000000124e-03
6.093750000000000000e-01,4.687500000000000000e-01,3.474999999999999790e-03,3.350000000000000113e-03
4.453125000000000000e-01,3.046875000000000000e-01,3.500000000000000073e-03,7.624999999999999833e-03
5.000000000000000000e-01,2.812500000000000000e-01,1.499999999999999869e-04,6.799999999999999621e-03
5.234375000000000000e-01,3.046875000000000000e-01,1.000000000000000048e-04,6.499999999999999702e-03
5.937500000000000000e-01,4.453125000000000000e-01,2.500000000000000120e-05,3.575000000000000053e-03
5.546875000000000000e-01,3.515625000000000000e-01,1.250000000000000026e-04,9.475000000000000783e-03
6.093750000000000000e-01,4.531250000000000000e-01,3.425000000000000093e-03,2.599999999999999881e-03
5.937500000000000000e-01,4.453125000000000000e-01,3.050000000000000194e-03,3.249999999999999851e-03
6.093750000000000000e-01,4.140625000000000000e-01,3.275000000000000133e-03,1.000000000000000021e-03
5.312500000000000000e-01,3.359375000000000000e-01,4.000000000000000083e-03,4.850000000000000144e-03
4.843750000000000000e-01,3.046875000000000000e-01,1.499999999999999869e-04,5.224999999999999610e-03
4.609375000000000000e-01,2.812500000000000000e-01,2.500000000000000120e-05,6.300000000000000044e-03
5.781250000000000000e-01,4.375000000000000000e-01,1.000000000000000048e-04,3.599999999999999901e-03
5.078125000000000000e-01,4.062500000000000000e-01,5.000000000000000240e-05,1.167499999999999961e-02
4.453125000000000000e-01,1.718750000000000000e-01,1.250000000000000026e-04,6.275000000000000196e-03
5.937500000000000000e-01,4.531250000000000000e-01,3.824999999999999841e-03,2.799999999999999972e-03
5.703125000000000000e-01,4.218750000000000000e-01,3.350000000000000113e-03,4.174999999999999892e-03
5.937500000000000000e-01,4.765625000000000000e-01,3.150000000000000022e-03,8.750000000000000182e-04
5.781250000000000000e-01,4.609375000000000000e-01,4.300000000000000003e-03,5.174999999999999913e-03
2.578125000000000000e-01,3.359375000000000000e-01,3.750000000000000078e-04,4.950000000000000407e-03
3.515625000000000000e-01,3.359375000000000000e-01,0.000000000000000000e+00,6.250000000000000347e-03
5.312500000000000000e-01,4.531250000000000000e-01,3.824999999999999841e-03,4.525000000000000376e-03
5.000000000000000000e-01,4.687500000000000000e-01,3.200000000000000153e-03,1.975000000000000193e-03
4.843750000000000000e-01,4.453125000000000000e-01,3.075000000000000042e-03,2.500000000000000052e-03
4.609375000000000000e-01,4.843750000000000000e-01,3.099999999999999891e-03,1.850000000000000082e-03
4.375000000000000000e-01,4.218750000000000000e-01,5.000000000000000240e-05,1.949999999999999910e-03
4.843750000000000000e-01,4.843750000000000000e-01,2.925000000000000083e-03,2.824999999999999820e-03
5.000000000000000000e-01,5.000000000000000000e-01,3.050000000000000194e-03,2.449999999999999921e-03
5.781250000000000000e-01,5.234375000000000000e-01,2.625000000000000163e-03,1.299999999999999940e-03
3.515625000000000000e-01,4.609375000000000000e-01,4.250000000000000305e-03,4.575000000000000074e-03
6.328125000000000000e-01,6.015625000000000000e-01,7.499999999999999343e-05,7.575000000000000136e-03
2.578125000000000000e-01,4.375000000000000000e-01,1.000000000000000048e-04,2.550000000000000183e-03
6.093750000000000000e-01,5.156250000000000000e-01,3.174999999999999871e-03,5.400000000000000286e-03
5.781250000000000000e-01,5.625000000000000000e-01,3.000000000000000062e-03,2.275000000000000112e-03
5.390625000000000000e-01,5.546875000000000000e-01,3.050000000000000194e-03,2.674999999999999861e-03
4.843750000000000000e-01,5.000000000000000000e-01,2.899999999999999800e-03,3.024999999999999911e-03
5.156250000000000000e-01,5.781250000000000000e-01,2.500000000000000120e-05,2.324999999999999810e-03
4.453125000000000000e-01,4.531250000000000000e-01,7.499999999999999343e-05,3.674999999999999881e-03
5.390625000000000000e-01,5.625000000000000000e-01,3.200000000000000153e-03,3.599999999999999901e-03
5.781250000000000000e-01,6.484375000000000000e-01,2.949999999999999931e-03,3.474999999999999790e-03
6.093750000000000000e-01,6.562500000000000000e-01,2.899999999999999800e-03,1.474999999999999966e-03
5.937500000000000000e-01,6.171875000000000000e-01,4.000000000000000083e-03,6.150000000000000085e-03
2.578125000000000000e-01,5.078125000000000000e-01,1.499999999999999869e-04,3.399999999999999811e-03
3.515625000000000000e-01,5.000000000000000000e-01,1.749999999999999982e-04,4.675000000000000336e-03
5.546875000000000000e-01,5.312500000000000000e-01,3.225000000000000002e-03,3.749999999999999861e-03
5.312500000000000000e-01,5.937500000000000000e-01,2.975000000000000214e-03,2.075000000000000022e-03
4.843750000000000000e-01,6.250000000000000000e-01,3.200000000000000153e-03,3.050000000000000194e-03
4.375000000000000000e-01,4.609375000000000000e-01,2.874999999999999951e-03,1.124999999999999915e-03
4.609375000000000000e-01,6.093750000000000000e-01,1.499999999999999869e-04,3.024999999999999911e-03
4.843750000000000000e-01,5.546875000000000000e-01,2.949999999999999931e-03,1.325000000000000006e-03
5.000000000000000000e-01,4.453125000000000000e-01,3.075000000000000042e-03,1.049999999999999935e-03
5.078125000000000000e-01,4.062500000000000000e-01,0.000000000000000000e+00,9.499999999999999981e-04
5.937500000000000000e-01,5.390625000000000000e-01,2.200000000000000133e-03,6.250000000000000130e-04
6.640625000000000000e-01,6.640625000000000000e-01,7.275000000000000216e-03,1.062500000000000076e-02
3.515625000000000000e-01,4.218750000000000000e-01,3.499999999999999964e-04,5.924999999999999711e-03
2.578125000000000000e-01,4.609375000000000000e-01,1.499999999999999869e-04,4.199999999999999740e-03
6.171875000000000000e-01,5.468750000000000000e-01,5.049999999999999802e-03,5.575000000000000094e-03
5.937500000000000000e-01,5.625000000000000000e-01,3.350000000000000113e-03,2.874999999999999951e-03
5.703125000000000000e-01,5.625000000000000000e-01,2.925000000000000083e-03,1.449999999999999900e-03
4.453125000000000000e-01,5.234375000000000000e-01,2.824999999999999820e-03,3.050000000000000194e-03
5.234375000000000000e-01,5.546875000000000000e-01,0.000000000000000000e+00,1.675000000000000057e-03
5.000000000000000000e-01,4.921875000000000000e-01,1.000000000000000048e-04,3.050000000000000194e-03
5.703125000000000000e-01,6.406250000000000000e-01,3.374999999999999962e-03,3.550000000000000204e-03
5.937500000000000000e-01,6.875000000000000000e-01,3.650000000000000033e-03,4.550000000000000225e-03
6.171875000000000000e-01,7.578125000000000000e-01,3.749999999999999861e-03,6.774999999999999772e-03
6.718750000000000000e-01,7.109375000000000000e-01,5.899999999999999863e-03,1.799999999999999864e-02
6.484375000000000000e-01,6.171875000000000000e-01,2.000000000000000096e-04,1.764999999999999902e-02
2.968750000000000000e-01,4.765625000000000000e-01,4.499999999999999877e-04,3.950000000000000386e-03
3.906250000000000000e-01,4.375000000000000000e-01,0.000000000000000000e+00,5.749999999999999903e-03
6.171875000000000000e-01,5.859375000000000000e-01,5.975000000000000276e-03,3.425000000000000093e-03
5.781250000000000000e-01,6.171875000000000000e-01,3.350000000000000113e-03,8.149999999999999259e-03
5.546875000000000000e-01,5.312500000000000000e-01,3.374999999999999962e-03,3.650000000000000033e-03
6.328125000000000000e-01,6.328125000000000000e-01,3.924999999999999670e-03,1.397499999999999958e-02
4.843750000000000000e-01,4.921875000000000000e-01,2.500000000000000120e-05,1.529999999999999936e-02
6.093750000000000000e-01,6.250000000000000000e-01,0.000000000000000000e+00,6.349999999999999742e-03
5.156250000000000000e-01,5.000000000000000000e-01,3.975000000000000235e-03,1.167499999999999961e-02
5.390625000000000000e-01,5.234375000000000000e-01,2.724999999999999992e-03,7.324999999999999914e-03
5.781250000000000000e-01,5.390625000000000000e-01,3.399999999999999811e-03,2.899999999999999800e-03
5.937500000000000000e-01,5.468750000000000000e-01,3.299999999999999982e-03,2.425000000000000072e-03
6.171875000000000000e-01,6.171875000000000000e-01,7.499999999999999343e-05,1.527500000000000038e-02
5.703125000000000000e-01,5.156250000000000000e-01,4.125000000000000194e-03,3.275000000000000133e-03
5.234375000000000000e-01,4.609375000000000000e-01,3.874999999999999972e-03,6.275000000000000196e-03
5.000000000000000000e-01,3.906250000000000000e-01,2.925000000000000083e-03,3.099999999999999891e-03
6.093750000000000000e-01,5.312500000000000000e-01,3.174999999999999871e-03,5.774999999999999752e-03
4.453125000000000000e-01,3.906250000000000000e-01,5.000000000000000240e-05,7.450000000000000025e-03
5.781250000000000000e-01,4.843750000000000000e-01,3.499999999999999964e-04,4.624999999999999771e-03
4.843750000000000000e-01,4.609375000000000000e-01,3.225000000000000002e-03,4.749999999999999882e-03
5.156250000000000000e-01,4.609375000000000000e-01,3.000000000000000062e-03,2.399999999999999790e-03
5.390625000000000000e-01,4.453125000000000000e-01,2.050000000000000173e-03,7.500000000000000156e-04
5.781250000000000000e-01,5.937500000000000000e-01,4.950000000000000407e-03,1.432499999999999919e-02
5.546875000000000000e-01,4.609375000000000000e-01,4.249999999999999763e-04,1.425000000000000051e-02
2.968750000000000000e-01,4.687500000000000000e-01,2.750000000000000166e-04,3.075000000000000042e-03
5.234375000000000000e-01,5.000000000000000000e-01,3.975000000000000235e-03,2.550000000000000183e-03
4.843750000000000000e-01,5.078125000000000000e-01,2.724999999999999992e-03,6.700000000000000226e-03
4.609375000000000000e-01,4.375000000000000000e-01,3.024999999999999911e-03,3.399999999999999811e-03
5.390625000000000000e-01,5.625000000000000000e-01,3.474999999999999790e-03,1.414999999999999938e-02
5.156250000000000000e-01,5.468750000000000000e-01,2.500000000000000052e-04,5.499999999999999681e-03
3.906250000000000000e-01,4.062500000000000000e-01,1.499999999999999869e-04,1.367499999999999966e-02
4.218750000000000000e-01,4.296875000000000000e-01,4.125000000000000194e-03,1.009999999999999960e-02
4.453125000000000000e-01,4.453125000000000000e-01,2.524999999999999901e-03,6.624999999999999813e-03
4.843750000000000000e-01,5.625000000000000000e-01,2.899999999999999800e-03,2.550000000000000183e-03
5.000000000000000000e-01,4.921875000000000000e-01,3.125000000000000173e-03,1.325000000000000006e-03
5.234375000000000000e-01,6.093750000000000000e-01,4.000000000000000192e-04,1.497500000000000046e-02
5.390625000000000000e-01,3.593750000000000000e-01,2.174999999999999850e-03,9.749999999999999552e-04
4.765625000000000000e-01,5.546875000000000000e-01,9.499999999999999981e-04,3.899999999999999821e-03
4.296875000000000000e-01,5.312500000000000000e-01,3.225000000000000002e-03,7.700000000000000247e-03
4.062500000000000000e-01,4.062500000000000000e-01,3.249999999999999851e-03,3.874999999999999972e-03
5.156250000000000000e-01,5.390625000000000000e-01,3.775000000000000144e-03,8.049999999999999864e-03
3.515625000000000000e-01,4.062500000000000000e-01,5.749999999999999903e-04,1.020000000000000073e-02
4.843750000000000000e-01,3.828125000000000000e-01,0.000000000000000000e+00,6.349999999999999742e-03
3.906250000000000000e-01,4.140625000000000000e-01,3.625000000000000184e-03,6.949999999999999581e-03
4.218750000000000000e-01,3.593750000000000000e-01,3.824999999999999841e-03,3.324999999999999831e-03
4.453125000000000000e-01,3.593750000000000000e-01,3.075000000000000042e-03,7.500000000000000156e-04
5.234375000000000000e-01,4.609375000000000000e-01,7.250000000000000368e-03,1.512499999999999956e-02
4.843750000000000000e-01,4.062500000000000000e-01,2.500000000000000120e-05,1.492500000000000077e-02
3.359375000000000000e-01,3.750000000000000000e-01,1.250000000000000026e-04,4.649999999999999620e-03
2.421875000000000000e-01,3.750000000000000000e-01,2.750000000000000166e-04,3.200000000000000153e-03
4.609375000000000000e-01,4.296875000000000000e-01,4.199999999999999740e-03,9.499999999999999764e-03
4.296875000000000000e-01,4.140625000000000000e-01,3.324999999999999831e-03,3.575000000000000053e-03
3.906250000000000000e-01,4.296875000000000000e-01,2.799999999999999972e-03,3.350000000000000113e-03
3.359375000000000000e-01,4.843750000000000000e-01,2.850000000000000103e-03,5.799999999999999600e-03
3.906250000000000000e-01,4.609375000000000000e-01,3.350000000000000113e-03,2.775000000000000123e-03
4.296875000000000000e-01,5.156250000000000000e-01,3.150000000000000022e-03,3.000000000000000062e-03
4.609375000000000000e-01,5.468750000000000000e-01,2.775000000000000123e-03,3.024999999999999911e-03
5.546875000000000000e-01,5.859375000000000000e-01,3.125000000000000173e-03,1.365000000000000067e-02
5.234375000000000000e-01,5.390625000000000000e-01,3.249999999999999851e-04,1.342499999999999943e-02
4.843750000000000000e-01,5.390625000000000000e-01,3.050000000000000194e-03,9.350000000000000672e-03
4.609375000000000000e-01,5.234375000000000000e-01,3.024999999999999911e-03,3.550000000000000204e-03
4.296875000000000000e-01,5.000000000000000000e-01,2.899999999999999800e-03,2.775000000000000123e-03
3.671875000000000000e-01,5.625000000000000000e-01,2.599999999999999881e-03,4.275000000000000154e-03
4.296875000000000000e-01,5.078125000000000000e-01,3.225000000000000002e-03,2.724999999999999992e-03
4.609375000000000000e-01,5.000000000000000000e-01,3.425000000000000093e-03,2.775000000000000123e-03
4.843750000000000000e-01,5.468750000000000000e-01,2.575000000000000032e-03,6.999999999999999929e-04
5.781250000000000000e-01,6.015625000000000000e-01,5.649999999999999641e-03,1.665000000000000160e-02
2.968750000000000000e-01,4.921875000000000000e-01,4.000000000000000192e-04,3.575000000000000053e-03
5.390625000000000000e-01,4.843750000000000000e-01,2.500000000000000120e-05,1.545000000000000019e-02
5.156250000000000000e-01,4.921875000000000000e-01,4.324999999999999852e-03,1.069999999999999944e-02
4.843750000000000000e-01,5.390625000000000000e-01,2.975000000000000214e-03,5.474999999999999832e-03
4.453125000000000000e-01,4.921875000000000000e-01,3.099999999999999891e-03,2.500000000000000052e-03
3.906250000000000000e-01,5.156250000000000000e-01,2.775000000000000123e-03,4.575000000000000074e-03
4.453125000000000000e-01,5.078125000000000000e-01,2.824999999999999820e-03,2.125000000000000153e-03
4.843750000000000000e-01,5.078125000000000000e-01,3.150000000000000022e-03,2.874999999999999951e-03
5.156250000000000000e-01,5.156250000000000000e-01,2.775000000000000123e-03,4.649999999999999620e-03
6.093750000000000000e-01,6.640625000000000000e-01,3.099999999999999891e-03,2.417499999999999857e-02
5.781250000000000000e-01,5.703125000000000000e-01,4.000000000000000192e-04,1.389999999999999916e-02
5.390625000000000000e-01,4.609375000000000000e-01,3.599999999999999901e-03,5.725000000000000054e-03
5.156250000000000000e-01,5.234375000000000000e-01,3.249999999999999851e-03,3.299999999999999982e-03
4.843750000000000000e-01,5.234375000000000000e-01,2.775000000000000123e-03,3.975000000000000235e-03
4.218750000000000000e-01,5.781250000000000000e-01,3.050000000000000194e-03,6.275000000000000196e-03
4.843750000000000000e-01,5.625000000000000000e-01,3.575000000000000053e-03,2.949999999999999931e-03
5.156250000000000000e-01,5.000000000000000000e-01,3.249999999999999851e-03,8.249999999999999955e-04
5.390625000000000000e-01,5.546875000000000000e-01,3.850000000000000124e-03,4.950000000000000407e-03
2.968750000000000000e-01,4.687500000000000000e-01,5.224999999999999610e-03,3.125000000000000173e-03
6.328125000000000000e-01,6.406250000000000000e-01,0.000000000000000000e+00,3.142500000000000154e-02
6.093750000000000000e-01,5.703125000000000000e-01,1.000000000000000048e-04,1.474999999999999922e-02
3.906250000000000000e-01,4.296875000000000000e-01,1.250000000000000026e-04,4.975000000000000255e-03
5.781250000000000000e-01,5.156250000000000000e-01,6.450000000000000004e-03,1.050000000000000065e-02
5.390625000000000000e-01,4.140625000000000000e-01,3.550000000000000204e-03,2.925000000000000083e-03
5.156250000000000000e-01,5.078125000000000000e-01,2.650000000000000012e-03,3.474999999999999790e-03
4.453125000000000000e-01,5.234375000000000000e-01,3.500000000000000073e-03,1.217500000000000006e-02
4.843750000000000000e-01,5.234375000000000000e-01,3.850000000000000124e-03,1.014999999999999930e-02
5.156250000000000000e-01,5.312500000000000000e-01,3.249999999999999851e-03,6.649999999999999661e-03
5.390625000000000000e-01,5.078125000000000000e-01,2.724999999999999992e-03,2.674999999999999861e-03
6.093750000000000000e-01,5.781250000000000000e-01,3.000000000000000062e-03,1.527500000000000038e-02
5.781250000000000000e-01,5.468750000000000000e-01,2.000000000000000096e-04,1.480000000000000066e-02
5.390625000000000000e-01,4.531250000000000000e-01,3.474999999999999790e-03,8.975000000000000339e-03
5.156250000000000000e-01,5.234375000000000000e-01,2.799999999999999972e-03,3.599999999999999901e-03
4.843750000000000000e-01,5.312500000000000000e-01,3.050000000000000194e-03,4.474999999999999811e-03
4.218750000000000000e-01,4.921875000000000000e-01,3.050000000000000194e-03,1.469999999999999953e-02
4.453125000000000000e-01,4.843750000000000000e-01,3.350000000000000113e-03,1.057499999999999933e-02
4.843750000000000000e-01,4.921875000000000000e-01,3.174999999999999871e-03,6.125000000000000236e-03
5.156250000000000000e-01,4.921875000000000000e-01,2.224999999999999981e-03,3.449999999999999942e-03
5.781250000000000000e-01,5.625000000000000000e-01,3.599999999999999901e-03,1.412500000000000040e-02
5.390625000000000000e-01,4.531250000000000000e-01,2.999999999999999737e-04,1.519999999999999997e-02
5.156250000000000000e-01,4.531250000000000000e-01,3.674999999999999881e-03,1.170000000000000033e-02
4.843750000000000000e-01,4.140625000000000000e-01,3.024999999999999911e-03,5.875000000000000014e-03
4.453125000000000000e-01,3.593750000000000000e-01,3.324999999999999831e-03,2.975000000000000214e-03
3.906250000000000000e-01,3.437500000000000000e-01,3.125000000000000173e-03,1.414999999999999938e-02
4.218750000000000000e-01,3.359375000000000000e-01,4.425000000000000114e-03,1.064999999999999974e-02
4.453125000000000000e-01,3.125000000000000000e-01,2.625000000000000163e-03,6.799999999999999621e-03
4.843750000000000000e-01,3.437500000000000000e-01,2.850000000000000103e-03,2.775000000000000123e-03
5.390625000000000000e-01,4.296875000000000000e-01,3.874999999999999972e-03,2.210000000000000159e-02
5.156250000000000000e-01,4.296875000000000000e-01,7.749999999999999728e-04,2.377500000000000099e-02
4.843750000000000000e-01,4.062500000000000000e-01,3.725000000000000012e-03,1.955000000000000140e-02
4.453125000000000000e-01,3.203125000000000000e-01,4.199999999999999740e-03,1.324999999999999963e-02
4.218750000000000000e-01,2.734375000000000000e-01,4.100000000000000346e-03,2.824999999999999820e-03
3.515625000000000000e-01,3.359375000000000000e-01,4.100000000000000346e-03,1.727499999999999869e-02
3.906250000000000000e-01,2.500000000000000000e-01,5.100000000000000366e-03,1.312499999999999951e-02
4.218750000000000000e-01,2.656250000000000000e-01,4.749999999999999882e-03,8.325000000000000802e-03
4.453125000000000000e-01,3.593750000000000000e-01,6.850000000000000186e-03,1.425000000000000051e-03
4.765625000000000000e-01,2.968750000000000000e-01,1.947499999999999926e-02,4.742500000000000188e-02
4.453125000000000000e-01,2.812500000000000000e-01,1.499999999999999869e-04,1.651499999999999913e-01
5.156250000000000000e-01,3.515625000000000000e-01,0.000000000000000000e+00,1.672750000000000070e-01
2.968750000000000000e-01,2.578125000000000000e-01,5.749999999999999903e-04,1.857999999999999929e-01
4.843750000000000000e-01,2.968750000000000000e-01,4.127499999999999919e-02,1.372250000000000136e-01
